1.0,0.298369334388793,0.3081042013348697,0.24427960349524375,0.20068134561576814,0.1799670646953477,0.16918882916573358,0.10628531427847254,0.15985562021345046,0.09717064255780825,0.15955239884925693,0.17130747575876232,0.18968856498960573,0.16855444135368985,0.22283238639085312,0.21089447751192847,0.19605850809482334,0.20465403572247015,0.1792591304387947,0.14124332484278992,0.19010195902019836,0.19282842631482694,0.17505491798581221,0.17003114946896425,0.19658422150628121,0.19675651830165491,0.18946069890786438,0.18836036114683252,0.13691100775901005,0.1317454910031435,0.18529911500961477,0.17207193981575614,0.17604216332456835,0.17798344540072492,0.19290374769096774,0.17856226924046792,0.19086355757954193,0.19593923762656523,0.15789665858717275,0.13290962487523478,0.19115011828897388,0.17011491653819155,0.181742553588324,0.17041068020357686,0.15711593111240774,0.15703057878078894,0.1615079563150415,0.18175783833040945,0.18662890657960024,0.15265382651048542,0.1866461227002993,0.18885388386337357,0.19487209737098304,0.16826786235437324,0.15759863253161155,0.15959691141605326,0.17257229762892307,0.1719990285675265,0.16402560961303636,0.1420045364978496,0.18796005662656826,0.17854139644312703,0.19476620673623152,0.1770127622424445,0.17111258666144033,0.18060796473204985,0.191054701481586,0.1714973606217085,0.17580573127980273,0.1404719015016329,0.17103345002904244,0.17789955073828986,0.18605118815689656,0.1821481263930509,0.16908169435763903,0.19489767331247732,0.16452807521966523,0.18698553753421965,0.16350684087841177,0.13253154702731915,0.19300362131828025,0.17208784197584953,0.16525592109483933,0.1696340170912996,0.19049277021111444,0.17450105963947188,0.18691927418290122,0.19235687789423575,0.15935364229606902,0.13922315427628035,0.17428858824612053,0.18661211527558452,0.18900932322313851,0.17232545675764513,0.18438310725145313,0.17851275295918112,0.19059623432815315,0.19143829307284607,0.20292229666402403,0.2172805645565195
0.298369334388793,0.9999999999999973,0.4643852628855651,0.3610845281027359,0.25265882592346617,0.16482372892029323,0.21260185481212854,0.1161726857394057,0.20271132357087268,0.1570401389964476,0.20350290962977835,0.20448511208390832,0.25654128554968053,0.21219153221006737,0.2565250135415802,0.26205022369893827,0.24915508606684167,0.23902118169108733,0.21702244552385752,0.12833629501283111,0.24251527425712988,0.26228994944716416,0.21023878587100514,0.20415637244540913,0.2064523352885577,0.2074728716025644,0.23532886020660726,0.2270691602295983,0.1663229573837554,0.2005373076285494,0.23204319989053035,0.2147082860067276,0.2342677153982169,0.2232791926663256,0.2542373022402731,0.22587434810815765,0.23054219512662272,0.24565980384930086,0.19293077659100846,0.16053438120533486,0.2389630098767723,0.21209652140005003,0.22399250019492872,0.21885289160306856,0.20185415445371305,0.23338775485710345,0.2345165214764676,0.2314034039039185,0.24502709470972023,0.2337010281366702,0.2508908710255496,0.21640260680693152,0.22068966705996296,0.1856783768051284,0.2100815442054744,0.23207421091625327,0.2456322735890237,0.21700985844578163,0.21223811632214298,0.15771629084796285,0.25955022941923056,0.2297591889620767,0.24784108939617386,0.2161198424020279,0.22796120699203057,0.23531185792425274,0.2115762500203719,0.19571556750703578,0.21816755030484897,0.28090190628108486,0.2345196403531726,0.2351266759022455,0.23153010873607663,0.20619196933971717,0.23043407981431818,0.22813494148293115,0.23334685830237262,0.2139520441863846,0.2181387489149922,0.10649489222713009,0.21067984009979168,0.26346048546592893,0.21644035321961816,0.23182572325121892,0.2578469130228643,0.23532487684408054,0.21900907260820907,0.249283335153561,0.21963673801247302,0.20455096800414016,0.25525456241878497,0.23363419799697566,0.26394314658326934,0.24125038114477598,0.24640310572778062,0.23554798751404787,0.23549369572336695,0.2827936913557738,0.27600531581859894,0.2564995019910756
0.3081042013348697,0.4643852628855651,1.0,0.3798473509064002,0.3002554080827864,0.20247652585573345,0.2242906688039646,0.14218610507445661,0.19592385827176992,0.13575784369919758,0.1891500057165481,0.18783844598813612,0.2380489478542352,0.2205669829837767,0.24158718703511467,0.2557491023086147,0.24065867760561893,0.2242346477986198,0.21935330362904407,0.15111263264256355,0.23600631242624862,0.250041645330231,0.1903344429007369,0.19868491972918295,0.2183969583229029,0.21719052086400595,0.22527979201555626,0.2255820482511619,0.17917944911949396,0.20580940944753723,0.20745112368818863,0.22135419234431136,0.23866973902581778,0.22448227728361797,0.24232845457553814,0.2259877387413313,0.2318098449934369,0.2392930173102969,0.21577974952428297,0.1445404898785188,0.23759131659520144,0.19999750829064405,0.23333155620405482,0.2261155605322575,0.21845486288686378,0.2253264668656546,0.22188113361945858,0.22486513754141163,0.25863087357324954,0.2082258917005732,0.23427319084294285,0.245026827602098,0.24161250975305404,0.21608429198076365,0.2294121895370983,0.2504562953268883,0.24019618690387914,0.22385474556685916,0.2225295005955763,0.1288743793524019,0.25610143606671554,0.23121352048374685,0.23377369892955668,0.2260851660228984,0.2217554467442992,0.24695595919874475,0.22830278910536178,0.21642140762696183,0.21637261130555985,0.2690632988458218,0.23127300305806223,0.21965899937803762,0.241550917539043,0.21874466520970853,0.2248713096733898,0.22521147019835036,0.23229782612362004,0.23699051007614014,0.24193235380258335,0.12179077676193412,0.22614643808596613,0.2435723903264245,0.2187106909979426,0.23354082892358952,0.23591645478329942,0.21841283578264814,0.21465462628139922,0.23583020551924216,0.1902052671717588,0.17209658413561246,0.21904148457784728,0.22287269294016793,0.23424090619071375,0.2243033061902013,0.2324612548008042,0.23091672945111447,0.2388309642638341,0.2495635122303596,0.24880610352558014,0.2391126121181863
0.24427960349524375,0.3610845281027359,0.3798473509064002,1.0,0.41486922358247136,0.1832505068826199,0.28631984109684816,0.15664173501075337,0.21354583093342897,0.12400342520259514,0.256904759732248,0.24167858872122397,0.29779469045565504,0.27703100493990374,0.28395966404591366,0.30924668101362207,0.2565984495262169,0.2488059973587981,0.21994656901220472,0.15588339878742102,0.27434883975852703,0.2726504761657613,0.24908622951113563,0.2489893640880148,0.23317059065597937,0.24514603321887643,0.24010947292805557,0.24810243302653873,0.17116909909381067,0.14336399387219523,0.237417685979126,0.21802171698364725,0.23865866328497543,0.23334446701954065,0.25437818089446385,0.239409709166994,0.24157329084401263,0.2503300144112354,0.23446422251962745,0.2005545493656725,0.2499830168624876,0.24291841568464645,0.24221459316371147,0.24149581238800488,0.23585040502210808,0.24504591014868907,0.23635177759963472,0.22042339943154413,0.2586370005417447,0.24369049988908772,0.2523348989194122,0.2723535210995875,0.25473268052173204,0.23480688408820455,0.2367989247873688,0.2448213974716657,0.2464732175601808,0.2227836457887243,0.2258839126494663,0.1581702143670533,0.2516926373953824,0.2528760105733014,0.2768158141415702,0.24449838692768242,0.24577325887345416,0.27723647570626875,0.25385090423038903,0.24508288838441775,0.23386449950677687,0.18318723630421085,0.24853518053227275,0.2295032028451645,0.2542368095440079,0.2279930479136144,0.240904892346803,0.24295369167612269,0.24243457001566732,0.22572894792962223,0.21830564098623226,0.13619696984797697,0.2337063616062085,0.2645010022862774,0.22759019000814734,0.23953556570316667,0.25040775237168356,0.23714705890332452,0.22720564329911064,0.24844339208248822,0.22857026141712827,0.1911699263400564,0.23565537469762712,0.22993646338537835,0.25451861888388694,0.22948717247566794,0.24477879887453238,0.24439972551594968,0.2432700430896637,0.27536391361601575,0.25454400842568736,0.2132371736013311
0.20068134561576814,0.25265882592346617,0.3002554080827864,0.41486922358247136,1.0,0.2021702113889211,0.4400620546698135,0.14491636663355223,0.3539016868767979,0.1074226364823638,0.29350583515932444,0.3199146003306915,0.35856692963645825,0.34936576892937643,0.3574243303682416,0.3669511043442728,0.3502845389313122,0.34231765452373875,0.2664522844531753,0.12271226943272937,0.3305286801204903,0.34125101018185977,0.2924375304170276,0.27983725503140294,0.28867512601681744,0.29005329906639926,0.271714910827631,0.2909545868653146,0.23926425822711717,0.26312662690203326,0.2685668009150296,0.2519444319261648,0.2635212818659419,0.2798477684574081,0.2942911645086399,0.2908893407288063,0.274772617760156,0.2931400938505294,0.2892841140362551,0.2338881123611776,0.28658755270598474,0.24675685457428095,0.26696891536968315,0.27232956180143414,0.26079209540410164,0.2610416675018896,0.2685765751910324,0.2710748588568186,0.2946879973594433,0.21200349689968617,0.2699340404140107,0.25383138259022536,0.25974821438296514,0.2750342902040803,0.25807123089086836,0.2703451150891054,0.27015332554669547,0.256615792821619,0.2826273037487246,0.13704692412380648,0.2775249329364091,0.29134367033829345,0.2892135116717123,0.23974733488538305,0.2448865106527107,0.2890261442423852,0.24879066545540246,0.26419666717441015,0.2671415864702315,0.1980230621423224,0.2539639447484947,0.26595594306188536,0.2711128148989989,0.25313471740915316,0.2681406463031796,0.2683268374053729,0.2737841272113306,0.2638416174806773,0.26445529317702976,0.14138947528865847,0.26127288560934037,0.2954036040134157,0.26424524315112063,0.254660101776909,0.2712120547066547,0.26759141619118443,0.26944872481564935,0.2924098890866932,0.24374582193630587,0.1511762129587839,0.26233340074389466,0.27340606386855476,0.28775863341004676,0.2639873524055974,0.27184177602153536,0.2804322923732768,0.26674423414097065,0.31527699256121305,0.29868165967784754,0.2489136847170066
0.1799670646953477,0.16482372892029323,0.20247652585573345,0.1832505068826199,0.2021702113889211,1.0,0.2099273932548606,0.15874459733622828,0.20200576455464805,0.11315670821581156,0.18652283609618664,0.19292941708696798,0.20237617167615657,0.19235377588871388,0.21201940182544315,0.1975545161013274,0.21943149541196066,0.23076038849648656,0.2233417612402833,0.14158738967623713,0.19041125891320831,0.20055077192422183,0.1808946707406094,0.21328931823361588,0.21607404011703804,0.21312576878747563,0.20823394907383921,0.20293484159235053,0.17867813874140243,0.10784277254044625,0.19452756031538798,0.19731223163563166,0.19476581026434803,0.23353154383207525,0.2259023903463911,0.2044278457087904,0.20284452314244383,0.20324010038447074,0.193348195708891,0.14209668019061047,0.2185280409369892,0.18500455611742067,0.2116436998729051,0.20297598259294136,0.20119828859396865,0.2318588826364749,0.19871256933534376,0.2106061017988925,0.2115982520432353,0.15780267128896475,0.2283442560647851,0.20699304064100213,0.1961793412694338,0.20577492183895116,0.22490834860174075,0.198572336103309,0.20904366055097284,0.20294855064802325,0.17743314454621073,0.13837174445000702,0.20604481248847029,0.1889884874181484,0.19950295789095723,0.20802138847408558,0.18819998153676665,0.20048456186505897,0.19897266305280942,0.19493715809601853,0.18920972839454608,0.16597813322202687,0.2064151026488215,0.19774832435781914,0.2038485362305856,0.18469450074431704,0.19262254025618764,0.1985437504132184,0.19862754916079736,0.1930408481261185,0.18294223706687898,0.17217999769829004,0.185413616211543,0.2001908693723432,0.1896135643979911,0.19414311824622202,0.21080451722618948,0.18978080812403533,0.1992384074529715,0.21617025666725015,0.2167882765885618,0.1424163914120482,0.2022241968492446,0.18468821758617188,0.20610943344063135,0.18846765544573935,0.20143948323529637,0.20373173253944593,0.1976295510856121,0.17836440414517366,0.18457816669058003,0.2597935157228735
0.16918882916573358,0.21260185481212854,0.2242906688039646,0.28631984109684816,0.4400620546698135,0.2099273932548606,1.0,0.1474381301816301,0.5358605620880202,0.1375217236989293,0.4156676107723554,0.44751011442576555,0.47521671858135817,0.47466535445501945,0.42603928659812207,0.4121392771150676,0.40564243073168926,0.3867046362852288,0.35742637564115176,0.12973661370615389,0.38612741131631667,0.4022512317439557,0.3436266436077461,0.30914241062473535,0.3330420073394577,0.3181992995799676,0.31220680285884994,0.32646676007886033,0.28313369169392155,0.28580384320247854,0.293047944695309,0.29255049711989667,0.27799703631724515,0.3142769406248276,0.3137807690983993,0.31818376756600314,0.3167662615800826,0.3252789848517811,0.3043932252596651,0.279437680916112,0.3136072394125915,0.3021252923342031,0.3050541472057946,0.3008828757110403,0.3075028037706769,0.30258915110156076,0.3116255827618717,0.2840697579198352,0.2931651596401218,0.1924684062772462,0.29171288316697364,0.30429134735173224,0.2938989199875317,0.32010712327891544,0.32431369937652177,0.30228529999766035,0.2992926093030508,0.2994715284434134,0.30292394814780077,0.15618706835080826,0.2952291437129485,0.3016388963313442,0.3104445178463866,0.2781428289392147,0.2810787672970591,0.3148408215512023,0.30426473986290326,0.3138595756573298,0.301506189272745,0.1674302961851889,0.30003039100781415,0.27944803730072687,0.3166536482051243,0.29419797543627674,0.3018610278244287,0.28491010953158624,0.2817992930202823,0.2900232427730065,0.30474267382527936,0.16911907845255686,0.26546069573477715,0.2863335411269013,0.29609168475583003,0.28894512797063154,0.2819219571607037,0.3128733292972473,0.3001651862386301,0.3139401445634693,0.26761586301688706,0.15886890851901705,0.2972717510642897,0.2834231598310387,0.2746052773447383,0.29441279439773493,0.30003125128531194,0.29146733433605604,0.29918690312056406,0.31237153313459476,0.3153045238859166,0.18386408704766946
0.10628531427847254,0.1161726857394057,0.14218610507445661,0.15664173501075337,0.14491636663355223,0.15874459733622828,0.1474381301816301,1.0,0.13463088875846715,0.1209235273081162,0.15480650962393397,0.14700368945306322,0.1558125421335229,0.1586513629840645,0.15106613621493892,0.14635291748616375,0.1428467564512545,0.15381404943766797,0.37472704947576,0.2975261200290789,0.1383657669553538,0.13325668648931538,0.14440191809670194,0.1313150681944989,0.1614391181818211,0.15296345346655435,0.14367291813441266,0.17418756510845795,0.14507112326547916,0.12168164693049376,0.12741858822016572,0.15064220601031741,0.1307676654198231,0.1669636345192007,0.1773096478183765,0.19855020725652647,0.19115444199285053,0.20078758928621998,0.18719391474059924,0.1465305690268174,0.15650252812390755,0.15334820369394753,0.14010132330199207,0.1592212874863918,0.18707297253344768,0.15007899536212435,0.1735896115830367,0.1983133447495017,0.4108393511142503,0.22797804742649658,0.15526690700683124,0.14840588920974082,0.16315643068382216,0.16633396342828854,0.17373428662079432,0.18768455467743855,0.14814033629950218,0.16234431578350725,0.18941288987112903,0.17062007208556945,0.20265775794905144,0.16587973039823156,0.1653096963768816,0.16580226804990872,0.1346894672024535,0.14896016297530515,0.16096442283924217,0.1801950201492282,0.16105530060077902,0.23198016794560056,0.16026609237683623,0.1345164781148728,0.14837929053794446,0.1358701056175125,0.13506349156726824,0.14355344570310646,0.1533308644385003,0.16993275731974872,0.21260988151454083,0.17306548905342728,0.13955885282422598,0.16809755074038935,0.1576215865068152,0.15630424008031785,0.1696961080451879,0.17072075232762066,0.13358716082985606,0.15424838504029298,0.17297988877662007,0.30694517325330894,0.15957817357957704,0.13700542997501497,0.14842975825508745,0.1625775126728847,0.16717815137895323,0.16722278785254802,0.16059604240226505,0.15750371889815334,0.16666675039425063,0.20062715029149628
0.15985562021345046,0.20271132357087268,0.19592385827176992,0.21444113973494172,0.3539016868767979,0.20200576455464805,0.5358605620880202,0.13463088875846715,0.9999999999999982,0.8293449991933413,0.5521752507805221,0.5263360930881967,0.5610972316231001,0.5816249911496959,0.5285391841855059,0.48687875578071205,0.501275131926046,0.4658145188744597,0.40892623341284107,0.1300601713638716,0.42934889042116237,0.4322730913886445,0.3925930527894418,0.36839772094760614,0.3114697264287475,0.30502054385778843,0.2983274582181237,0.3306547148878624,0.31360113764493236,0.27308149443066987,0.32736068258182016,0.2800387125571752,0.26997706597729526,0.2984303741634466,0.31463688955891816,0.30152899203215633,0.30507916846557903,0.31088026261026114,0.2826629215261617,0.250103285550756,0.30185609910496564,0.303276180580754,0.28436967196427876,0.2808795810386422,0.31076120745468605,0.2883824028278923,0.28878345079273116,0.30126069494497,0.27620765744517795,0.14992144862236814,0.29281953147307355,0.2905076962823053,0.29269615550712536,0.3077639918707912,0.3162202994202345,0.29722013205613773,0.29655146482338374,0.2908265255831363,0.28037821652986683,0.15990781399011464,0.27610023182700505,0.27870522014284155,0.301413658053556,0.29482068446751986,0.26500660359928213,0.29020417616191,0.28456036968898274,0.2903560741730545,0.2808376315279312,0.15566191315695543,0.30469170637218557,0.25741561397879353,0.3011919131727844,0.2875737033212511,0.28957221248422543,0.2781647047184411,0.29788705967129775,0.28935608530821977,0.3082025917478621,0.15495073257489486,0.277666941772547,0.26498115986374127,0.29786205462020776,0.27549275834624465,0.29256228784499116,0.32101824147383995,0.29332080580228886,0.3137487547668304,0.301133174207827,0.14089726001332412,0.2831104205816426,0.26828316516994977,0.28819722536039755,0.2816913750587067,0.2958369980441704,0.309269761307005,0.30013941347606243,0.2937928567637347,0.31032105351409145,0.22252855400367258
0.09717064255780825,0.1570401389964476,0.13575784369919758,0.12400342520259514,0.1074226364823638,0.11315670821581156,0.1375217236989293,0.1209235273081162,0.8293449991933413,1.0,0.14396504162881515,0.11776999487431068,0.13037122090241618,0.15502660774381702,0.13129366496148856,0.1390437760274366,0.1563116799979128,0.1187631393949441,0.25600423981856313,0.14952607155316056,0.25083558156982516,0.1453755556327046,0.11902041660274817,0.1333471779284328,0.1342778685837823,0.140986456451816,0.13065892468189322,0.1606346005252678,0.19436576808358602,0.1243068279764927,0.11719447433493828,0.14304969493498848,0.13687743674825667,0.17324091772663933,0.14236878058355348,0.14058099357153825,0.15174751970323772,0.12701607912637242,0.24024108740080904,0.17079469624755056,0.1415552524424606,0.142952295094599,0.1493873306863382,0.12943120975948103,0.13421441118590818,0.12957151619132737,0.1297776068050845,0.12773420690830795,0.27046906392457215,0.17895957467886517,0.12358900799063205,0.13595624610293328,0.1327890407874919,0.1623846275948898,0.13104173973212882,0.21955409206779122,0.13747623491650676,0.12921612497968754,0.15904942574837513,0.2110469789026514,0.17561902140944013,0.13038959074251572,0.15684330999162086,0.11844918969753668,0.14897184906161864,0.1418237503591218,0.15218362193578014,0.14449376178882073,0.21592590553656596,0.1498592580586479,0.15666413482205652,0.15533577319097364,0.13495438062945161,0.12379375250418721,0.16076048947814353,0.16121141966957644,0.14676837189271957,0.15117160567423493,0.14109369012107695,0.18742249593737856,0.15578621845548435,0.1455763695584445,0.16050491129719233,0.126537136458971,0.12398289641377791,0.13175789109136668,0.14194570599356995,0.14069373744489747,0.360943748150964,0.19618797819773126,0.13586890355463954,0.15113568969785401,0.13597727087155317,0.14282617160516684,0.1378238082493098,0.16237104907019684,0.14836123942222063,0.1768998549767875,0.14905469031771731,0.1977211183489544
0.15955239884925693,0.20350290962977835,0.1891500057165481,0.256904759732248,0.29350583515932444,0.18652283609618664,0.4156676107723554,0.15480650962393397,0.5521752507805221,0.14396504162881515,0.9999999999999996,0.6565402067331609,0.6262906427312858,0.6488103711644579,0.6213654950619619,0.5618312845330686,0.5483061298369404,0.5015663698606788,0.4194829463310519,0.1685214001745102,0.5082486536480253,0.5096503061323248,0.4499458346281202,0.430155865369533,0.3598627943365347,0.339960714960747,0.32660131330753006,0.3670729845924815,0.3122892870326467,0.32187379860306303,0.39900870188386794,0.3208646247162143,0.3119851987001994,0.3318712538469395,0.317823393626962,0.28953605561900625,0.3051785355441048,0.31241648059159843,0.2739287938415943,0.24566320036493505,0.3210703694313095,0.31555857888546746,0.3200930849615734,0.3136755225754725,0.3113270153174456,0.30536410166191397,0.3015362460902282,0.285873860243958,0.29890771643622993,0.17639906376203512,0.3568138084485029,0.3248999010088137,0.30750455862894177,0.32005485296347413,0.30932652375980996,0.3240562098326285,0.2963807072077661,0.294925816148354,0.3038950993276121,0.15552003787973487,0.3128286278989978,0.35070776208046295,0.3298237367559139,0.29945727371855596,0.28801732581824924,0.2984802836082754,0.3053839508817997,0.2932258376210357,0.29514890480802836,0.1856671719140769,0.3103955667516305,0.3055170835683266,0.31369887631293925,0.30912957210246594,0.31976476084279304,0.3075698471499755,0.32085293383823765,0.31989631021355663,0.29811557421076185,0.1485711412144074,0.3078477179245916,0.3236138675279113,0.3288815778904025,0.30575856984079064,0.31530737256074914,0.31694657584213914,0.31721200033093083,0.3262591948756318,0.29525104502824007,0.16599550947289815,0.3128043203851787,0.2947443389184116,0.3036216138022732,0.3208930178643239,0.29402897406359274,0.3133266156238893,0.32512956194590925,0.30558106618121544,0.3128930447751891,0.23618137893737148
0.17130747575876232,0.20448511208390832,0.17974179900680276,0.24167858872122397,0.3199146003306915,0.19292941708696798,0.44751011442576555,0.14700368945306322,0.5263360930881967,0.11776999487431068,0.6565402067331609,0.9999999999999989,0.6708042552075559,0.6786491141271775,0.6579498327461846,0.6243994631555313,0.6042380169880557,0.5483227728795811,0.4333681259734345,0.13954770638702144,0.5762266515559369,0.5987018891876752,0.5224328572609824,0.5027738582985285,0.46202843756216183,0.4357448835774398,0.40789364703173864,0.41863191424709667,0.35360309485813507,0.3714538456608075,0.4937224846606996,0.41039846372244343,0.3886684191094129,0.39727324317890755,0.4014443340645518,0.39490565658624116,0.37654410445920666,0.3737670615053674,0.36031494761595734,0.28523123783178145,0.3748203936280542,0.3714289518821221,0.37339570244133197,0.35856345115842164,0.35516410528329023,0.3716366188707388,0.3746962646555825,0.3405168663748406,0.37313969135923275,0.18368805851609313,0.4052411806503774,0.3721718236216385,0.37129920619975953,0.378394320674721,0.3716654073790855,0.3607716304735559,0.3575824690132775,0.35104714652088875,0.36674711785911207,0.16641938379988186,0.34626643079114594,0.43530223426037806,0.4283782506214776,0.3510420694489761,0.3434601638268713,0.3776122995080823,0.37378914183077544,0.4133369715190216,0.3605691181680626,0.17890355928798068,0.34372890859770544,0.35988185029786596,0.37438139605032666,0.36761946245943233,0.3670657918248871,0.3595548020801824,0.3526478910850661,0.3515468174505092,0.3413662468740256,0.1528789599179335,0.33634438835334146,0.35330774640364304,0.3736644812535107,0.35102431142657675,0.36141610651747214,0.3824442972805755,0.40184148728206714,0.39594376140165927,0.37158664197425506,0.15060238878355026,0.36408005728664083,0.35171713806572175,0.33793730141080014,0.356274132159045,0.35126698646935833,0.3760878884681542,0.36190749415853085,0.3890856890660372,0.39338542796194165,0.23623577512041755
0.18968856498960573,0.25654128554968053,0.2380489478542352,0.29779469045565504,0.35856692963645825,0.20237617167615657,0.47521671858135817,0.1558125421335229,0.5610972316231001,0.13037122090241618,0.6262906427312858,0.6708042552075559,1.0,0.7250546468863956,0.6890778531917432,0.6636250677692035,0.6209048397307617,0.5525528885433826,0.48344144607580297,0.1352740717888805,0.5636828210208251,0.5985078506187343,0.5062432315069164,0.48036926658010065,0.44264442235764057,0.4220003556492414,0.3881857345827775,0.43328019239714644,0.3764441393937815,0.35831311276525,0.4706129077106851,0.39005250853886936,0.38792952758987026,0.39810575476986215,0.41038101790003656,0.4021936361679335,0.39520201222602386,0.39319926851396786,0.3791886446417791,0.30326853626147643,0.39914972235006885,0.3672460449251005,0.3953630171048266,0.40093342987316005,0.39360047418752814,0.38161190264431855,0.4156852571703443,0.40036591516077336,0.3799539684420887,0.2512785238990345,0.4254275512343525,0.3844030615193084,0.39360773443889496,0.3792796550965396,0.39294359410544966,0.41930049829624033,0.3853399148927745,0.3819544599415057,0.38675695922321,0.1771857507305949,0.40958094499347986,0.4095200891088016,0.44218717081969955,0.3777492919088884,0.35978133077790786,0.3845953579684252,0.38377968091214487,0.3861475053770302,0.3865575530150015,0.19182245336911097,0.3922107283994282,0.3824907117126609,0.4066106677252568,0.3723585150500903,0.395566708263861,0.37324067529267513,0.3953693222377538,0.3965130176607451,0.4021439485312797,0.15500342015890423,0.34258635943927496,0.39604021731586625,0.36919453912832906,0.38546192290725945,0.3678109339892054,0.38980144769209285,0.38467368188096,0.4077720406286251,0.34599290174485897,0.17358887465476258,0.3932568918500712,0.3804280316391204,0.37763286896059134,0.39410622550932217,0.3792784492500537,0.36900030044738763,0.3991273670919593,0.406274596607172,0.41353039071231923,0.2407001463996625
0.17220985606853867,0.21219153221006737,0.2205669829837767,0.27703100493990374,0.34936576892937643,0.19235377588871388,0.47466535445501945,0.1586513629840645,0.5816249911496959,0.15502660774381702,0.6488103711644579,0.6786491141271775,0.7250546468863956,1.0,0.6891342987508627,0.6074922977841473,0.5602749630473172,0.504961093203311,0.4243933617186102,0.13648099795722765,0.5138737588653637,0.5223072309477966,0.4642317741569594,0.45169617934814343,0.3928407416321592,0.3880161292517217,0.33978110935364125,0.38952918276529225,0.34794646794497136,0.3624933540585264,0.4217536549699453,0.33851636816611136,0.33611474548697995,0.35012445472414006,0.34678099260324696,0.35171928654477685,0.35038303849007507,0.34450299365969583,0.3197553606472643,0.24800299928707661,0.3362230427412245,0.32741460850499193,0.33920557435890175,0.33594519756282726,0.3485924169888921,0.3363563667992756,0.3535648942626979,0.32442566894555336,0.32068897551782294,0.17879536032182813,0.3601398468684446,0.33322785855223747,0.3356550149310571,0.34715109944374584,0.3396987368911488,0.3435593148614755,0.3203530784972083,0.32446553805519657,0.326433418750898,0.16636386546322918,0.3289601773981965,0.37444909891567607,0.3873119118706573,0.3176741337561224,0.2925377830222705,0.334151261642615,0.34932298135226175,0.34843554045637215,0.32423035321064697,0.17776824577212158,0.33637439867005303,0.3037977077639038,0.33529686284705573,0.31821390691354384,0.32525811001462557,0.3077022003335388,0.3389826783364943,0.3313622303784179,0.34420196600360475,0.14804071113139086,0.298248246309329,0.31952077114574506,0.31374384189204685,0.3002691336440717,0.3397948210145749,0.33446473644624986,0.36426212617299025,0.3665385920360745,0.3496197162403926,0.1691686293784428,0.3012161612254189,0.32615014721576707,0.31842742202805185,0.3165635675646238,0.3235308774293878,0.3554499643325215,0.34863010597809757,0.3489223447519154,0.3675552668087625,0.1907488429373044
0.22283238639085312,0.2565250135415802,0.24158718703511467,0.28395966404591366,0.3574243303682416,0.21201940182544315,0.42603928659812207,0.15106613621493892,0.5285391841855059,0.13129366496148856,0.6213654950619619,0.6579498327461846,0.6890778531917432,0.6891342987508627,0.9999999999999982,0.6819035953493253,0.6430172978158022,0.5560136088009531,0.48875194421606216,0.1576822389012017,0.5746031853773972,0.5829226919489263,0.5075788077444238,0.5155591358767615,0.4520839829477758,0.4011136515049985,0.37466364448280637,0.4301709391047507,0.37924798679629756,0.3625964562875943,0.4858546204252932,0.39607769687979577,0.3615288734618679,0.38124016874825584,0.39695669667969546,0.398554396005131,0.38526238066908547,0.37978721921927266,0.34988197693208967,0.309506559789407,0.3769600861830952,0.3593728179056976,0.3735518159243334,0.3692643244499315,0.3832935879122584,0.36633647141336556,0.3781978151606532,0.35502419218881515,0.369910554527103,0.24243455034797817,0.4303469636078836,0.3699799697924228,0.38740870255311954,0.3877134860785501,0.3739720033326208,0.4004898260272295,0.36384715247222366,0.35014701174358054,0.35476901467439775,0.1645114231149742,0.3859014515287893,0.4054034989656333,0.4630868774375525,0.3594978224692979,0.32984234467523954,0.3768826115696588,0.36143323774700875,0.3967116178631098,0.3552539346002592,0.2033006667274567,0.36620558896301825,0.33246132031659686,0.38123223413042406,0.36130807290537703,0.3706062810129183,0.34880413829251294,0.37123004217692035,0.3835780930361025,0.38669290884546853,0.1498865499355898,0.3328420964721669,0.35789073532116555,0.37612051856547435,0.35656895726943105,0.38426870054757445,0.36535296227491904,0.3917991010247492,0.4009468804538764,0.36136114666424257,0.2051212447046313,0.34634395671220397,0.352419167181429,0.35531585542717,0.3565910345246553,0.36073027555105,0.36881470745068656,0.38709458684402975,0.38468463360223026,0.41685873166024245,0.21959159709455506
0.21089447751192847,0.26205022369893827,0.2557491023086147,0.30924668101362207,0.3669511043442728,0.1975545161013274,0.4121392771150676,0.14635291748616375,0.48687875578071205,0.1390437760274366,0.5618312845330686,0.6243994631555313,0.6636250677692035,0.6074922977841473,0.6819035953493253,0.9999999999999987,0.7508856644527087,0.6625454035047302,0.5550581693424097,0.1513278800966333,0.6634921572457516,0.6683024063190193,0.5758614178499261,0.539655583145241,0.4779154122591801,0.44884418110298563,0.41512648234521193,0.4698722307971317,0.4182818277281992,0.4002652616938552,0.5184958970289064,0.41923899435998774,0.40080592799495884,0.40553963392334313,0.43180498914996845,0.4317788161051664,0.41763976732066466,0.4007784178792215,0.39727058719107655,0.2929975432627457,0.37393008092889757,0.35954541562957176,0.3876164584422571,0.3751519925714752,0.3571602107719679,0.37346752758408264,0.3638030736304604,0.36544900533400293,0.40793982904729975,0.2625624773795902,0.45047618911111675,0.38265385607285746,0.3873826794800992,0.3952440374240342,0.3765251293132693,0.3867605222288173,0.3730220238578872,0.3628977312723324,0.3825167475699038,0.16848962732289913,0.3747975337338022,0.4304127513306337,0.4592868784061952,0.37512830193332436,0.35488614939997526,0.4084352293394828,0.39177915065532787,0.41382391532897544,0.38089560770829833,0.20558197252384736,0.3694707650189858,0.368745472026478,0.38847319689994675,0.37252841435952944,0.37877436152212973,0.3790636659934961,0.3850978745297515,0.3759478823797901,0.3782634576097356,0.15885230814484327,0.3402119937026633,0.39164347593812804,0.37382906421309986,0.36179975209984594,0.3715467854768446,0.3945631900842091,0.41421588023290445,0.4199578551818332,0.3823420843991054,0.18196603217513765,0.36812292869068886,0.37662800815910125,0.3785183165545595,0.3810547749265639,0.38801329402516993,0.37785678611296963,0.38522581816974,0.4298364492879433,0.4296549733014765,0.2857780778514404
0.19605850809482334,0.24915508606684167,0.24065867760561893,0.2565984495262169,0.3502845389313122,0.21943149541196066,0.40564243073168926,0.1428467564512545,0.501275131926046,0.1563116799979128,0.5483061298369404,0.6042380169880557,0.6209048397307617,0.5602749630473172,0.6430172978158022,0.7508856644527087,1.0,0.7174547666612557,0.6407357900117904,0.1544376223102573,0.7093342141096786,0.7101876287612061,0.6428837899968189,0.6113704086636932,0.5077019609985055,0.49009630601366033,0.4870309794727935,0.5015814085620094,0.4720374464816853,0.44786600292040835,0.581473935340761,0.4706917206541361,0.4457590334748731,0.44620187836585556,0.44402806864270106,0.4303994447994659,0.44021407314699085,0.4307132387263072,0.40615935935730285,0.34740462751505913,0.41939110043804995,0.40317617947206547,0.427848618247685,0.39781790491758795,0.3866211723699273,0.41835517402425587,0.38452322610256306,0.37626780674512084,0.4299075935689184,0.267411569428511,0.49352361564521363,0.4367415744050873,0.4260016328176338,0.42760521091018455,0.41634809260765626,0.40466809617117117,0.4165832708904468,0.3932014493752838,0.40114171317311387,0.17157218735927227,0.3969122645385443,0.46105459428739604,0.4948095174973597,0.4056222508348818,0.4015115979008055,0.41355874768829054,0.4182471432270531,0.4603763002239768,0.4303999719348734,0.21828521150850466,0.4105006756917873,0.40567389987661406,0.42228047841396404,0.41543602121867385,0.4107023566704236,0.4094693820338947,0.4107976667545278,0.4044296472655088,0.3747332232377403,0.1511782006151948,0.38804447942363524,0.412389716661386,0.3939819604723935,0.3999451432988197,0.41604099029066227,0.41485440108543503,0.4408393937221359,0.44531241058861376,0.4118197333478596,0.20085867818359707,0.3889202090127535,0.40506828376475257,0.435794164714852,0.4130433282595811,0.40457130804814934,0.4147783947639415,0.40379535152559387,0.4463710617300031,0.43883853849255555,0.24316784130890795
0.20465403572247015,0.23902118169108733,0.2242346477986198,0.2488059973587981,0.34231765452373875,0.23076038849648656,0.3867046362852288,0.15381404943766797,0.4658145188744597,0.1187631393949441,0.5015663698606788,0.5483227728795811,0.5525528885433826,0.504961093203311,0.5560136088009531,0.6625454035047302,0.7174547666612557,0.9999999999999993,0.7299992003590179,0.36111475789703906,0.7405802744723116,0.737627658883218,0.6678220404067516,0.6534114155642196,0.5401524052215506,0.5682491347791663,0.5321523005049784,0.5492957566371489,0.4937163388187954,0.5152406002478772,0.6508648685212028,0.5223903340709167,0.5037143502204645,0.5008278708244482,0.5020762876194536,0.5038932662032326,0.48976529305967503,0.5052032003769236,0.4851611442584324,0.35906168041411946,0.4878051446054288,0.4573880913077463,0.4673239748958203,0.4506414760944176,0.4490133851191186,0.4405951872751413,0.43843498838183353,0.4457946450888085,0.5135575569633981,0.21180037560603246,0.5506672303927264,0.49757311636314916,0.47497439423235055,0.48530991678607854,0.4596369935604486,0.46136137465947935,0.481008414198365,0.4579218610864818,0.4770459187522307,0.1652024060105563,0.4259990178525085,0.5061136969514893,0.5252868576685548,0.4668565221935307,0.46272403149874997,0.4849541671581402,0.483141523915245,0.5187790008055337,0.4818934308394951,0.25239921592211023,0.42424398769639515,0.4404480393070816,0.4717882271414003,0.4704623817007447,0.4541865897844176,0.46961347993769087,0.4411673504639943,0.4628364838187463,0.43340149878539425,0.1452322402750913,0.4310555299338099,0.42924324978803374,0.4530036575610483,0.4342094634844037,0.44111725542269664,0.46477472760793637,0.49065968364245893,0.4849664512083429,0.4572806549211963,0.16957558788514082,0.4212083454929682,0.43544076860561387,0.4073264769253935,0.43917379210383733,0.44179693377706014,0.43838708644422697,0.4426739990890599,0.4637116004547879,0.47816415705915494,0.26738917328346706
0.17931312316491232,0.21702244552385752,0.21935330362904407,0.21994656901220472,0.2664522844531753,0.2233417612402833,0.35742637564115176,0.37472704947576,0.40892623341284107,0.25600423981856313,0.4194829463310519,0.4333681259734345,0.48344144607580297,0.4243933617186102,0.48875194421606216,0.5550581693424097,0.6407357900117904,0.7299992003590179,0.9999999999999987,0.7811153376133502,0.6351425101075013,0.6398897251179754,0.5993458516236185,0.578942142645321,0.4658008980912912,0.5022386701021014,0.4807378188594763,0.4969876462581303,0.46882811189600004,0.40828847958672343,0.5780240775462907,0.4529765097005375,0.458634269797508,0.4732538249620164,0.46283789091085403,0.4750591585543986,0.46430009063021216,0.47424129723354436,0.46026386098764516,0.29088489632417247,0.447375507308025,0.40840548658299924,0.41512397883809216,0.40795284546277677,0.4067241005591408,0.4226739654459544,0.40533275159147875,0.41947892136103393,0.4475784849597213,0.3779049278416041,0.52009596624278,0.4455902552565455,0.41920193003510464,0.45754169550462687,0.45384268599641575,0.4090281455080499,0.43990141525297466,0.4274908129709216,0.45517026482711087,0.1496313232393674,0.3751049741214448,0.45926678881963934,0.5044751433334785,0.43594291232687266,0.3970539705204381,0.44099312722861866,0.43197330521672783,0.4582778381315299,0.4436964520111119,0.204191868758037,0.407673326197454,0.3920489510647993,0.4379395310949521,0.4110294906373926,0.4088302296583429,0.4229229160888208,0.4152554641735964,0.439381012485199,0.40522989139213716,0.30638512928817274,0.4002253542485825,0.40794911919970245,0.41894214408692054,0.38800321682185435,0.40915184287534434,0.4016390071128044,0.45847851895118585,0.45081769950188044,0.4205270299741549,0.35437593583776844,0.38504336142014817,0.37901442637799154,0.3927773713184838,0.40463366699317194,0.4007370513649823,0.4153128465690335,0.4254112529548072,0.4181390055836295,0.42936719871287143,0.1417731000784127
0.14124332484278992,0.12833629501283111,0.15111263264256355,0.15588339878742102,0.12271226943272937,0.14158738967623713,0.12973661370615389,0.2975261200290789,0.13153893720191567,0.1586306113128251,0.1685214001745102,0.13954770638702144,0.3276872445787731,0.13648099795722765,0.1576822389012017,0.32085295111433365,0.34380843864621247,0.38061706192363615,0.7811153376133502,0.9999999999999998,0.39144876657265454,0.3695489713900912,0.367767570630595,0.3298861669660028,0.2823020132035026,0.3075862534079856,0.3823025334303727,0.2999125416699851,0.18334413740384908,0.11821180963797688,0.2920764300904994,0.15536577381940048,0.16127283141936308,0.2989896004668912,0.15756470297873124,0.15029326345211574,0.2677856935030919,0.13795835891029257,0.22895163841364496,0.0278775805098987,0.14991464491893836,0.23418417621109286,0.14784352285851968,0.14957759861455164,0.14716368312816996,0.14636122482161115,0.1681664544249725,0.1709706011001512,0.30128343339910735,0.27072309428502483,0.17115087025371362,0.1424591840874287,0.14706893492966053,0.14676326209351812,0.32934433795976914,0.16633297497318894,0.2636089687665254,0.2455077187523327,0.34249172430076147,0.1856189990657536,0.17577081226594257,0.16207462914072185,0.06561487488021153,0.17448467393053277,0.15760678118934962,0.13993732922248017,0.1607635702198711,0.34091906039914677,0.33240364565778546,0.1558855012841391,0.17869713578587235,0.1626097625123676,0.27836165413743114,0.1513791069794239,0.15501175436597925,0.1592846032708874,0.1629428164001149,0.14818942289705508,0.16633164105275677,0.1897412754806249,0.14791451139825557,0.1629360503805943,0.3203070398646446,0.23525897788318972,0.17016552291724715,0.13699843645408183,0.28503074763778297,0.34175992546028117,0.395227848063232,0.27561756839674234,0.1517477123875807,0.2388831462465184,0.16355281718442802,0.14209737579294152,0.31470877001126996,0.14645948367793613,0.16486923655468913,0.15902500192201796,0.32033964298399564,0.20302510206824823
