1.0,0.1539059560432138,0.1920753370159135,0.0995305114844706,0.045412125373654195,0.0284035393945873,0.033235648899158664,0.03324777397362468,-0.019420203448136872,0.045025749749864036,0.03084219197797583,-0.03616480206585874,0.037961035050174695,-0.018767852772872986,0.05094935506030723,0.028361315599070742,0.018416714843656656,-0.014242951957251197,0.0035285115175502776,0.1427273063751419,-0.015679503649012782,-0.029359175364314986,0.040434149713702405,-0.06365187466242171,0.014490165674543176,0.012619475236678378,-0.005742687340461343,0.07221667422152418,0.06070341504809541,0.024146868279206896,0.03887283348170007,0.05575217160117474,-0.00973250864348396,0.02415390767736933,-0.005470024303245755,-0.04485783820745987,0.004240811349946855,-0.024207515768334024,-0.05953447774105978,0.09918589338648993,0.020063597599921056,0.00262935085129728,0.013406724195519894,0.004710377954975539,0.0026960799011763077,-0.055425610500882384,0.03903235921226738,-0.010661310840914293,-0.033933500796080714,-0.033755656339142334,0.03811702761300959,0.0015358186527062551,0.03735779136617367,0.02073925339511808,-0.030262395727091086,-0.056885384759808776,-0.04396862160616633,-0.01603894061615044,-0.02034347003813507,0.003453358964396406,0.04618023674844988,-0.044577640984628214,0.030343588168763175,-0.0187267855658087,0.06001866457208503,-0.030210418186336897,-0.005755803962370922,-0.0011614975208115669,-0.000741598193103094,0.11363146621779734,0.029752047076733533,-0.020874514514025857,0.015215417345973155,0.029402491309603228,0.04289517483498858,-0.013270813905551728,-0.05582879018313028,0.0219214627105674,0.029403502578383995,-0.008745190109410281,0.06694093689020839,0.007258218370547303,0.04602392193093716,0.06188197430301338,0.02417454523970385,0.021374722387888,0.03157787778078451,0.059022919476607635,-0.021127616791140433,0.058234380151304166,0.009979429175203806,0.05211096870521128,0.030309270335072313,0.08457926884486176,0.008084221574293098,0.08683034730989672,0.0602635187782043,-0.029750406792934628,0.05257013344837755,0.09927358526279541
0.1539059560432138,0.9999999999999993,0.32076937659407767,0.25443987105982097,0.07101696712435294,0.04371198883700126,0.07357988403550726,0.08225116659808264,0.02457047275252654,0.2540708597892748,0.1032266263801524,0.06227585696419994,0.03481720111005169,0.07443172770964605,0.0721471531307327,0.05106218119224615,0.07977148077403762,0.06914571940470145,0.06919738440380907,0.009526677863059088,0.05857855568573211,0.04383992453009259,0.10465130791416656,0.0419469898133538,0.037111402838997096,0.04542608173931082,0.08831620587415916,0.06322907209140997,0.08780535074220223,0.11216827498477101,0.06451803754208221,0.07699744899980274,0.06128022421165933,0.06995621066339297,0.17820895178701157,0.040302160515141086,0.027670972475187225,0.11439316290585795,0.029016004063836455,0.16655365274950687,0.07243637038985243,0.09704835872576861,0.09046441698625576,0.08157179353340102,0.060574083179357786,0.08496416315102781,0.12486224876671859,0.02361552114119471,0.05377073261192268,-0.018811937492027024,0.16905038316445575,0.05867799174290745,0.14012276495284903,-0.0031642687253610104,0.0904428108011662,0.025648589680281633,0.09742430089509041,0.04974470048509551,0.07653628655934104,0.0869703718114454,0.3122517507092432,0.04780695784778608,0.02125786106511789,0.07831694148380215,0.016331922771164572,0.08112566218595313,0.03309825491540992,0.07290542554456013,0.06815135246654384,0.30882782480919835,0.07026745296617813,0.04425229442291284,0.07877919047717523,0.07480147716994764,0.1252746572130962,0.044863302603340774,0.06851948313306563,0.08393945770772303,0.03428116092036953,0.04662440028733792,0.06608353985148971,0.05972840428162741,0.128920829810285,0.07503305696563144,0.05897221038681218,0.08620941743104855,0.06611789908421271,0.055326824515019954,0.07446772448529307,0.04492818707141127,0.05956209854071686,0.030029228651435015,0.05550552835185018,0.12508968225561193,0.03888261918759359,0.07955802485642438,0.08431267255507738,0.05970018611469366,0.048334699345662466,0.20704918952031862
0.1920753370159135,0.32076937659407767,0.9999999999999989,0.2359148085853857,0.09614070721187107,0.06931036978848228,0.04497771562207253,0.15671076507196405,0.055680757465757534,0.04014363440252981,0.0032917690000488875,0.05380839680580015,0.018114038520452177,0.07429270700198558,0.06991879274034571,0.06127831222577051,0.09580173987392955,0.03358938290009841,0.03754056319902377,0.11081597189189701,0.07693443577496872,0.07931375119809465,0.03486624560308703,0.039084486997774996,0.09447223952954356,0.059609252947681664,0.07735579721877853,0.019050952982967252,0.07423727481508087,0.14789678587075128,0.06686720783741414,0.07028444017821973,0.04656790378040414,0.044274065071453976,0.1124856695092253,0.04225680631285871,0.0635897041443898,0.08603473696923405,0.09303778788628056,0.19609576564178305,0.06352870408827693,0.14280628692244293,0.07056480473229572,0.09047698854490645,0.0538770154739384,0.040341367861992314,0.04593867889911819,0.06691931984450167,0.08993969706880689,0.052311057361494565,0.05809430104170863,0.130825828881614,0.11136271648271757,0.07093903998513605,0.04768939009745548,0.06156308344699285,0.08187863055886331,0.043426204324628896,0.033328559636530884,-0.009842135515861954,0.09821288370494123,0.05572522386018439,0.034726904542049734,0.08528896409040596,0.06718692049012841,0.11303755274363918,0.06902613933819828,0.038189733136270325,0.07229123844350406,0.1894899679938012,0.15553637022708344,0.08069055403335203,0.053293291922655854,0.09739816738354705,0.13814587304250006,0.09250125044607102,0.035285168845529576,0.05988744463410533,0.04847112328302466,0.08710856699853774,0.047195224003190206,0.1259012695289917,0.062381830914954875,0.08366014509693195,0.07824691506247787,0.07001379238048536,0.0622302239916401,0.03989391473523941,0.0443183822877647,0.07261546286414287,0.06249967218711848,0.09020811568423037,0.08505594419070027,0.06816844885798702,0.09620180198424848,0.0819206961437322,0.06312619808554644,0.04433071413936396,0.007590091162135332,0.16853380640024873
0.0995305114844706,0.25443987105982097,0.2359148085853857,1.0,0.22204896919892975,0.029941378256178784,0.059666950558693616,0.1405980604076018,0.01437203063003871,0.044760092217348675,0.10976642598071304,0.08931321329972713,0.1364595179448922,0.21367361402065876,0.14638316628856457,0.20920820887806665,0.08098277425541962,0.09102278722007895,0.12162596391911858,0.09034022048983183,0.06635699874172916,0.0705762658947424,0.20529551356115963,0.07134738077493599,0.13499899605677412,0.05130063094686616,0.12025010178418108,0.044565012763463224,0.09360390983589591,0.10921347983471755,0.11123785501997906,0.10583874376495357,0.034209112631418875,0.09184167809423413,0.1294996639202384,0.10697689138984699,0.08295484933641166,0.12484008087890307,0.03854685869246898,0.18872320884859078,0.15018307964772193,0.08445430035747603,0.13460006912407002,0.13426784788867574,0.049280810714569016,0.13708686454693092,0.14730218570217554,0.06984390362309789,0.07045499669257607,0.06457283197597032,0.17413304110698422,0.1559913616376643,0.10379663873620419,0.114200110850225,0.13673085251748804,0.025309683028253257,0.11110023159358597,0.10755686697378647,0.031209465249843936,0.05601760951043521,0.2847393373038563,0.012757539661992532,0.15866448864007543,0.07743000008421094,0.051993314271219525,0.07569697574066075,0.11804740049994045,0.0884992084437289,0.09290467874465637,0.041204900859820155,0.15127662800033842,0.0921443803906286,0.10257270451339924,0.06612730422003299,0.10698198455703085,0.10901711497447163,0.03388967933242042,0.06572092255135469,0.09486388374992948,0.015692650962088047,0.08315104943548811,0.13269359416622178,0.13740547315390886,0.1256294071060772,0.13423520910882933,0.07636938641404331,0.04633694090577267,0.08842247119620303,0.06554205348387417,0.0586935841755394,0.0852886375401118,0.07468000355764222,0.07185524540167229,0.1930577309658735,0.0715038272273665,0.13333002302612018,0.12071329347455957,0.067701725954423,0.14639391921160766,0.14181557829586078
0.045412125373654195,0.07101696712435294,0.09614070721187107,0.22204896919892975,1.0,0.08503477908124317,0.2961614127525958,0.030698981790555652,0.23868741567688656,0.03912884519508876,0.20111308206530912,0.194205433603394,0.2423336986254031,0.26961303894683003,0.2214887554615893,0.23596581768262487,0.18539768549723543,0.16415524740422577,0.1418070974568662,0.05643552916190851,0.15714858591115094,0.14592707485023027,0.1880839379697476,0.06403899870169064,0.12457097261213532,0.12607864496698054,0.19538994120271094,0.13297506201372686,0.15531851299023083,0.22969592725447902,0.03484806269843811,0.12166662974860028,0.10012705120286775,0.13897090824550873,0.12553996898481343,0.1672308186147672,0.12962160996826494,0.15032664283835406,0.17881435071079016,0.1463451696245459,0.15876706722323067,0.08019108139700953,0.07710875049582817,0.09994119363393689,0.12468468512536741,0.080407361366763,0.1926189922470859,0.11794857501254906,0.14549437763540082,0.07117928622634213,0.09050816609038,0.08288552125675344,0.09056376865406554,0.18438947703762607,0.12432024849120923,0.059493304299053716,0.11630677452158422,0.10533545238297526,0.1562598267356957,0.035828324801874555,0.16936894988318177,0.07463237562793502,0.08418717606532647,0.05926766649449454,0.05584493016475661,0.16065990084180098,0.12079022348760665,0.080298952050599,0.11816790945300111,0.13469779005744292,0.10651573795983355,0.05459656951039511,0.1348422305120059,0.03400939992700574,0.15840425120013304,0.08880338935545008,0.1261893776245239,0.07626820323580952,0.17676450474180164,0.028983063244619377,0.11935919198468732,0.1200459495623962,0.19051690848901875,0.06606973525083894,0.07806289032883894,0.13317905092606233,0.1229414113415097,0.11461727353390345,0.07560998264541093,-0.024725577789388005,0.13951828442825712,0.04879448857615814,0.15209690399759832,0.18121960889597707,0.10337159651208765,0.13045722415830985,0.11317337719738298,0.1128711696735731,0.13071587126377707,0.1455147940759763
0.0284035393945873,0.04371198883700126,0.06931036978848228,0.029941378256178784,0.08503477908124317,0.9999999999999998,0.0877753584645418,0.1026715282696524,0.0764499020075957,-0.006723993423122091,0.015360672567273848,0.022917073510612365,0.08064511347100174,0.0939760281042405,0.08519133657776888,0.020381973394125254,0.03250723099926497,0.1264429393148556,0.12349133719822676,0.08801857532145242,0.038503923093854205,0.02394666167698175,0.016721695353487467,0.07101736806463603,0.04382247650049974,0.048120453462980224,0.02878769140946689,0.04263647249701005,0.07189063611212668,-0.006666982804941526,0.052209537084908296,0.026509162255730155,0.06044713228805058,0.09605470594024075,0.0852326629069603,0.05964561343367629,0.08298458523812244,0.03773926384436388,0.08247245916545716,0.14011582840648792,0.07473862908055817,0.030456210654677417,0.032151521921525206,0.05338667780199344,0.08346784900843258,0.0983134733888079,0.09443795148167075,0.08345384445145926,0.05106102148238553,0.0897505373339728,0.0792744202916674,0.06418133396826615,0.004771517077005302,0.07517277806134667,0.0894140962570778,0.12750910306556015,0.08537106371980221,0.09156693795198273,0.06920281770229592,0.0336028398639863,0.15201525173842692,0.10748870515004505,0.04990787455137919,0.08722717219423712,0.16896324767086032,0.08437485370025927,0.13592971310405166,0.09790569084614091,0.07231674306164435,0.05000700590314574,0.14277947613727623,0.1304326961025965,0.03309208230939948,0.1168458086364711,0.04130115723980727,0.18062163376996815,0.11168818052312184,0.05742338091346945,0.08507837022470173,0.1100408541917788,0.1250019908323611,0.14321623801732036,0.06472789805435522,0.1209098458667021,0.07698213068333533,0.09217161560184717,0.08959836640522297,0.08592543101914638,0.07581842984081456,0.10404019856454348,0.1617233648459973,0.0888927967879185,0.14370871605607474,0.05646863930426054,0.04604801259379224,0.05675274138167172,0.0823093852121508,0.09457392124999979,0.053922847004689356,0.17051547891563595
0.033235648899158664,0.07357988403550726,0.04497771562207253,0.059666950558693616,0.2961614127525958,0.0877753584645418,0.9999999999999982,0.15751274209575497,0.4756770991151835,0.07558484921100421,0.345663972620173,0.3623211250900472,0.37067883329882056,0.46065676996359056,0.3511837942353575,0.29345658789744994,0.31323396994728253,0.21856801707821852,0.2705095899500552,0.0323148044191781,0.24162878620270328,0.2558181662132331,0.21576522434572942,0.18846650115011712,0.18588300414768222,0.17429189697515926,0.20903411383944462,0.17544267971715938,0.1991952421457234,0.30429950459554955,0.152594426218583,0.12074783380268467,0.11175034297968223,0.1851224615531674,0.13414266375174158,0.20819628694651698,0.20583765480055322,0.19313283555040503,0.18210073391743464,0.18259083831771367,0.2425584698140657,0.210660323919674,0.1492384051108924,0.17265698296470272,0.17440053255147028,0.13163093278605842,0.2179763239252102,0.11674801584692655,0.19755283903067095,0.051324255772976564,0.09919533368757917,0.23053303685176554,0.14507075006526615,0.23044190976356677,0.24015276458737947,0.1714375643451504,0.1906477635300887,0.2142693716685225,0.16809827034062363,0.04665155402879868,0.22750308523428622,0.19259610472877742,0.053939448760403984,0.13423903464572756,0.16858234528045432,0.20769671434945827,0.17056895277056375,0.15849192704181703,0.15733170416529763,0.012899099586352799,0.18949538735814733,0.1464715824901374,0.23080298042415648,0.1471829903113781,0.22205647252935365,0.16111227602116482,0.15247305079595858,0.17347606659696108,0.23169607042476037,0.08693318259946478,0.1639080299375408,0.20932081397124433,0.18962757218009949,0.22200579050084931,0.1655970042216093,0.23086295501375836,0.16143897043505176,0.21105855881073957,0.16466403147115996,0.12340606319136492,0.19906381968059517,0.13644590768588347,0.21462661957901352,0.20034864634021413,0.1744825744439262,0.16797968453393938,0.21646992258953868,0.18088834058380934,0.15417020183514196,0.1353940360009422
0.03324777397362468,0.08225116659808264,0.15671076507196405,0.1405980604076018,0.030698981790555652,0.1026715282696524,0.15751274209575497,0.9999999999999996,0.1586314197294561,0.08933221646582847,0.06195251842106267,0.1721532857394164,0.0004185198228320864,0.15789646773401037,0.12959018525783747,0.11350499511728922,0.03307171311393703,0.17792396106516203,0.3368278298465271,0.13111250708087144,-0.011186667316408194,0.060187172767034745,0.041352816970507536,0.05640121303771896,0.11898111278297087,-0.01999050169761105,0.05934067528595268,0.017378677061912668,0.16197259288084126,0.08440448683715626,0.08123359417436252,0.1396289752339309,-0.08661449308022547,0.18737097582780723,0.25055631973818704,0.21847042809210918,-0.005070536122066266,0.16810980285965788,-0.0817687487219446,0.20281804883252216,0.07818592038883376,-0.038882230571266885,0.02871012004788022,-0.05578746006810407,-0.021266860062426566,-0.03557480605723728,0.17912601377072382,0.02206936346548151,0.28384844316776836,0.055700909198430036,0.10639406522171364,0.16035969031938754,0.21317588597420312,0.19477360167202154,0.03860492545557522,-0.055640318244079424,0.0347155055758996,0.1631242060904874,-0.05764599861363538,0.06876093346726614,0.3983212293855005,0.07012480961941997,0.01657854503982025,-0.014102951090966782,0.06985544741289479,0.027261937978852617,0.08971273300640305,-0.052264374814596094,0.0923504569472331,0.13200891644915727,0.16210231377879158,0.12620538625656907,0.12257245178729613,0.14377004766407472,0.17847024533558958,0.12316018613266538,0.19131286776063716,0.039124437473645336,0.24201305243527954,0.11845701694421529,0.09424929692338445,0.3093347233555095,-0.04110844975958727,0.30322612304261914,0.13424123687041756,0.18002406062048654,0.029056850452625276,0.15310193911005998,0.00733857413159803,0.12492002611568828,0.26224391603537806,0.0808165885179917,0.11831511220356136,0.3336086146697166,0.18677525513595264,0.16955075305616552,0.12173017475269136,-0.01225486160164645,0.1314213636410053,0.14895210847074253
-0.019420203448136872,0.02457047275252654,0.055680757465757534,0.021244134044806354,0.23868741567688656,0.0764499020075957,0.4756770991151835,0.1586314197294561,1.0,0.867288082537541,0.5586331003314858,0.5208399179518695,0.5601624429799407,0.5965267513468936,0.49488738377043273,0.4021282504300903,0.47551075870565224,0.37749535656158284,0.34796634133369325,0.04967122348258575,0.3112799243111394,0.32461328070075324,0.31948328094944406,0.27232648858470493,0.18134655845533637,0.18489245147779526,0.1929692208895666,0.22391628908296743,0.2544594650862747,0.30766262040190756,0.23696369648017213,0.16858624832247687,0.1399718934601056,0.19942746061784408,0.1600442272242675,0.17910649377250656,0.20023054825958636,0.19240560673273094,0.19180696371792874,0.17421542506653373,0.21212256866032364,0.18316766694637987,0.14572057230169203,0.15851004442555672,0.20425429922074723,0.18796893415907917,0.2210839891606181,0.19547599954403103,0.14964076659037545,0.030118929741332363,0.16229840917526145,0.2025636799091534,0.16030823933533955,0.23155838728819997,0.21056641569186074,0.22182008945133322,0.21297226203166206,0.21219235016910476,0.14589156716314036,0.02308751069649202,0.18873010330710338,0.1839054181557422,0.11122591613911575,0.16606487465151248,0.16149882123920245,0.22208976744763703,0.17056223449308677,0.18247628656111292,0.15983875767173042,0.06911373367637973,0.16648318865373152,0.11553235590523875,0.18941442512909146,0.1655211318804009,0.18385182822918236,0.18330534501393214,0.19709711913769667,0.16846858960973957,0.20440421029609374,0.04568091633587092,0.18665307838837442,0.15715345493464025,0.13141546263262613,0.16637530227940908,0.17252326720786765,0.2455665031685674,0.1936024854584157,0.195507564795836,0.17195574375942943,0.14746680968234088,0.16952487591299725,0.11583786884908173,0.1747545973273751,0.17006182598867878,0.2105466392017785,0.18361885410299433,0.22571715733542957,0.19488843342182782,0.1956879816874249,0.10494886677479837
0.045025749749864036,0.2540708597892748,0.04014363440252981,0.044760092217348675,0.03912884519508876,-0.006723993423122091,0.07558484921100421,0.08933221646582847,0.867288082537541,1.0,0.11500180506341566,0.04902719012392731,0.04396116717221825,0.10589537831123014,0.09463616334525762,0.15569304528925101,0.22780415450721558,0.050773605569178884,0.2068528854158224,0.008181241533721429,0.3250338418883672,0.23095106594343948,-0.01989137840371487,0.12520259497495118,0.024701573379402385,0.13517782602827783,0.18311941079362498,0.1840245582399289,0.15353765387448715,0.03152601768947991,0.10907284149209895,0.10273491491173381,-0.004856147997447765,0.22760244227778975,0.18405820627519257,0.1079682986254766,0.2032509056605822,0.12143665208704364,0.21836639848059505,0.03980295091082679,0.17931827856286162,0.11518718117652703,0.07132024650458002,0.15025044653956413,0.10112663843497736,-0.016868472626979596,0.16044037860156599,0.1148108744731404,0.14910074914313173,0.2323942465416885,0.08741602130829475,0.11250707275144131,0.09337996653503522,0.18482448268416649,0.1111710784970479,0.17038564264133318,0.17846879938270788,0.07892219951710412,0.17391255851441323,0.02993482276900629,0.22369772846498417,0.12596433233610574,0.2686300262791412,0.10519608478261286,0.21516929594147965,0.13260128264331025,0.12189327368309961,0.1623037443779103,0.24865361769011318,0.0645576692117273,0.27821065204675927,0.24989441792922437,0.09265693015436653,0.091217850188341,0.25400736356919507,0.2564873830442291,0.1399044709642138,0.18200476886038308,0.10414028666136824,0.09250594273941831,0.24030408893565622,0.2141991518920684,0.15670056368915397,0.0690701083549037,0.10391695327641799,0.09800193860568307,0.14837415208125612,0.14233841203845446,0.46100520604073514,0.2876171319842474,0.12428349839478585,0.21490552736301907,0.19202247241137543,0.07278275108206049,0.10885771072941826,0.16768177781569246,0.21213775663564324,0.18360946022728264,0.1399849646322158,0.12750574981722929
0.03084219197797583,0.1032266263801524,0.0032917690000488875,0.10976642598071304,0.20111308206530912,0.015360672567273848,0.345663972620173,0.06195251842106267,0.5586331003314858,0.11500180506341566,1.0,0.6423806115688748,0.6050867725366852,0.630178335596532,0.5968539557549416,0.5266654034762301,0.4765002246235323,0.4226328792251137,0.34360143682221217,0.0801780753725801,0.4524899863849374,0.4261703902339609,0.40580686644897673,0.32624952877420565,0.25283206985913265,0.24938972600433418,0.26281794968766686,0.298193264399637,0.26859634252207487,0.2605432363184138,0.3511008071567554,0.26851836159105497,0.20939761173294216,0.2380537215301637,0.14636622291280857,0.17067683890264712,0.2236183629939983,0.17673437330353428,0.21960186221760022,0.15079935163927963,0.19927224788982079,0.22335456859941893,0.21079142257818137,0.20113984912168692,0.20337647601049946,0.1638935533133757,0.18569079581137687,0.13469695020416578,0.2674074379948605,0.03403200515312728,0.26568747381061525,0.23482014339378016,0.17443582193230214,0.23974309162317783,0.20149674161589845,0.24334032737798866,0.17272423234432221,0.16434859242802727,0.22378941574918793,0.059271773348710595,0.1959051539997685,0.29769764346229466,0.19241278239981288,0.17293140650137687,0.1878417778462705,0.21623241758738526,0.19309005479000327,0.19119088170932264,0.17464069771963237,0.14595174676213818,0.15711964009619803,0.1881053743547564,0.18751200330861612,0.19046311220946693,0.2058622543215819,0.18182640917172344,0.22373492169809428,0.17772038374616533,0.14948460413428066,0.0606917661154112,0.1693496053989282,0.21675309556351846,0.22267324204514352,0.188694416764287,0.20230268469046908,0.1982097305859618,0.2089359266132481,0.24807075171173423,0.2036892289875917,0.0716332250525766,0.21707037637845183,0.16208160033420846,0.1497465987698765,0.20343551525958828,0.20290839823315615,0.1429842826201703,0.21115079901611608,0.1542791875012564,0.24654420107967476,0.1260121837581563
-0.03616480206585874,0.06227585696419994,0.02933805707327348,0.08931321329972713,0.194205433603394,0.022917073510612365,0.3623211250900472,0.1721532857394164,0.5208399179518695,0.04902719012392731,0.6423806115688748,1.0,0.6697258747839148,0.6365450347261515,0.6705165249678374,0.5882559121520722,0.5857500601831541,0.5081448046570558,0.403415813743245,0.05497873698199043,0.5306876833633687,0.5353506022807276,0.4905598885996769,0.42491653925965034,0.4096602705087,0.33327399351484505,0.33291455726503666,0.3515549099606885,0.39207274524561925,0.4520915689998983,0.40623183505911636,0.33610987265147835,0.27867742084258307,0.32425794231954697,0.315394943408012,0.32624845690618576,0.29133511589270156,0.32553921168780936,0.3016400111088423,0.18335979648927742,0.24492675312822978,0.22952229651000008,0.27954509641038583,0.2055939594087862,0.2281150746253095,0.20711673980993198,0.24232564166529744,0.2228035446378931,0.3270871320445649,0.06432536919135692,0.2744230189760629,0.26835918579589674,0.23584999352447944,0.2570276248227876,0.2229122785803985,0.21119838656998627,0.22546731459250208,0.2538595776968795,0.277931407813478,0.08038620043971977,0.227599235539613,0.3344207584803696,0.29592312949906097,0.23523552948016718,0.26041138015117926,0.27617838481566886,0.2763974384744524,0.31006545799547275,0.3181315724738317,0.1349057010732425,0.1949243973333683,0.23394623916101234,0.2271909906259465,0.2281098105049077,0.270889949940751,0.22465767291823954,0.22426386879297194,0.1897036087301877,0.17000743595643805,0.055602615594442836,0.20302021010875412,0.21733519155668207,0.23101677932750836,0.21447674241902834,0.25554458718447437,0.3218980899675393,0.3154601966289636,0.28056670324238886,0.2980622302564283,0.06916662532257413,0.23167868171353032,0.21848913562248565,0.22793822621256926,0.21328700654870217,0.25439416305384527,0.24237377473910027,0.22027341919614235,0.24095513237417193,0.28430287133672594,0.12247233719584998
0.037961035050174695,0.03481720111005169,0.018114038520452177,0.1364595179448922,0.2423336986254031,0.08064511347100174,0.37067883329882056,0.0004185198228320864,0.5601624429799407,0.04396116717221825,0.6050867725366852,0.6697258747839148,0.9999999999999982,0.7375083740675731,0.6770936652925659,0.5928907154104692,0.5445672743820059,0.4169161875654681,0.3934311190569425,0.05352426732104042,0.4364519851132697,0.4460841778011627,0.44033485528841154,0.3265646488264349,0.33856585608014933,0.2866372349066521,0.28823661756137237,0.28011613439769395,0.3276875436338716,0.36208240604000236,0.32969487269666325,0.26299305883205293,0.21380602523628295,0.24567132804092207,0.20234814407206103,0.22021631065025812,0.18691847853010063,0.29646646876390415,0.20377882914881737,0.2628190481079299,0.20530653108986172,0.23341246338423133,0.21253676931989546,0.18820115576089805,0.18061394321352933,0.1692396084222707,0.22369568198718473,0.23000312298820288,0.2097708663708938,-0.02102502446713228,0.3286530227795072,0.259619306930096,0.2242594302951604,0.2287588448001781,0.19759725296861477,0.2002502694610668,0.18639194512942725,0.1949981259976367,0.1943416635508551,0.09351499734895173,0.32296598695294565,0.268459676224659,0.2659922703167314,0.20023674990807197,0.19297237767275685,0.193553896550889,0.2683542307858341,0.2183073368941892,0.22685935614558472,0.10108260010606257,0.19926879416757867,0.2007920045602066,0.2425206995499877,0.20783857325854,0.22011421485815671,0.20555259824712316,0.197938465340063,0.1982018980606889,0.17595988322180134,0.05569973647301308,0.14289493670825057,0.21653341898472625,0.14649196336207737,0.20495936822229824,0.2178934950362943,0.2122942030719841,0.24139864376134818,0.27489645521390055,0.26664260313452204,0.043363917293304854,0.21799603529755246,0.1963727323115868,0.1748514348557314,0.17701192896261003,0.19395096057394423,0.19482979097264158,0.20129838625463456,0.2027322008674451,0.26880376231297304,0.23215916848617632
0.04434484546386617,0.07443172770964605,0.07429270700198558,0.21367361402065876,0.26961303894683003,0.0939760281042405,0.46065676996359056,0.15789646773401037,0.5965267513468936,0.10589537831123014,0.630178335596532,0.6365450347261515,0.7375083740675731,0.9999999999999984,0.6490226473954578,0.5896687953657707,0.47452276310035807,0.45468798601780697,0.30181304470637205,0.12134077581788241,0.44128730738179056,0.46268474074284943,0.42147345642921896,0.34215520655361936,0.29406266102097683,0.2600401250317352,0.29847536958715,0.2408806131576773,0.3389486930398558,0.4617061452829191,0.34488438004497124,0.2656601493090586,0.24097827968931346,0.22743983856289388,0.2390801107927612,0.19997574941987287,0.24871637203014124,0.19984663445696269,0.16748687314314994,0.17497090156632528,0.17984755560410395,0.174695146619986,0.1897257415274308,0.19764880085220693,0.19072533070140424,0.20372998351162971,0.23561257677011596,0.19374638343462616,0.21196434119360205,0.005616768275483155,0.2717763691096539,0.26864686435219154,0.19305116909027478,0.20785670008545026,0.19159466720626528,0.24210738876211707,0.20707757594768317,0.18964002395424104,0.19783065814396097,0.0613176563593504,0.2820663614898456,0.24066609910179687,0.265956860531926,0.18020719464968019,0.20887506539791137,0.20906764259581026,0.2437452681406583,0.19281221843963295,0.17062531878056972,0.09143951824086839,0.19115739294219117,0.14076253935797342,0.18558622622920556,0.16034320448892092,0.1994562105779344,0.14269907162177567,0.19114688366938018,0.1729370045277604,0.1876919331617595,0.06411101167643499,0.13963319226861934,0.17112374378171494,0.1847515495120994,0.15262562853208547,0.16723662177931073,0.21802303533417072,0.26685435416299225,0.3087033213632679,0.2876513330661863,0.07184529841985542,0.1498047825184777,0.1737494980478247,0.16815166844324644,0.18102424585532478,0.2369671633804462,0.18866782688801187,0.2243008171957531,0.1810294388718683,0.28083419631081075,0.1565250920356577
0.05094935506030723,0.0721471531307327,0.06991879274034571,0.14638316628856457,0.2214887554615893,0.08519133657776888,0.3511837942353575,0.12959018525783747,0.49488738377043273,0.09463616334525762,0.5968539557549416,0.6705165249678374,0.6770936652925659,0.6490226473954578,1.0,0.6094348574286157,0.5696026578419865,0.45540887336161245,0.3783591713851415,0.2890449617999487,0.4938263985034607,0.46206552670116474,0.43341797812974164,0.4009183809108684,0.36795770714316384,0.36668404592899395,0.33443759497197423,0.326191832956285,0.3587818600348727,0.4251971943220604,0.37993125708091124,0.3524505721855069,0.2639323615337495,0.3115613356892246,0.30392406332350147,0.2698528449235467,0.29721991571134954,0.19394387639431548,0.21090394806607832,0.220306902854007,0.21561437839692404,0.2486473631075512,0.24879442040445066,0.20163842455361378,0.2064689472618305,0.16732291321315493,0.23294235471324015,0.18469074993862264,0.22466827539708942,-0.04928742187052093,0.33672640363121253,0.29386070800132214,0.22599405261549718,0.27244528433348975,0.23940808906994215,0.25733232718339455,0.22235687697069173,0.23228583175270406,0.21535145388134744,0.024042551896986033,0.20962323320044648,0.29924810975344657,0.28911827008136803,0.2244136895789055,0.20082606407478595,0.2574291489162797,0.2944038247636677,0.2342184457142786,0.296182220773619,0.36593542338012736,0.18441567269620893,0.17063919440961742,0.2650586250280779,0.18968693042835194,0.25358200790216423,0.21129790597371997,0.18685003153652374,0.2168745577755693,0.22256817698178286,0.053069082562331636,0.16587644211262315,0.2366921187213839,0.233635789348136,0.20280376046895052,0.22016147531316227,0.2822967960518818,0.2900747368931086,0.3043132881453887,0.3144650149142435,0.006079974911441343,0.1979147052458918,0.1804592071823613,0.19332634815612618,0.2213458080097569,0.21612454138793122,0.18180545038804793,0.2541844022771416,0.20597232473414437,0.2718108070240231,0.13445651917828227
0.028361315599070742,0.05106218119224615,0.06127831222577051,0.20920820887806665,0.23596581768262487,0.020381973394125254,0.29345658789744994,0.11350499511728922,0.4021282504300903,0.15569304528925101,0.5266654034762301,0.5882559121520722,0.5928907154104692,0.5896687953657707,0.6094348574286157,0.9999999999999999,0.6489491865629308,0.6105723589023417,0.4526411953715883,0.1852498232365734,0.5647453369791641,0.551402903714068,0.5494778244257608,0.38460843829631486,0.38581324630030434,0.3299922297757161,0.3717284532925098,0.32779351667023715,0.45014808472423146,0.49210229196805294,0.42457906240753224,0.41874368638104636,0.2944685870823832,0.3371874547952747,0.34861725498709867,0.3266142005664504,0.295534464540856,0.33743833864983136,0.2880151042061855,0.29828105045408615,0.20206933499517474,0.22109876447770205,0.3213438286280308,0.25561380228111036,0.23105178141847224,0.22281492229353128,0.2707679621113247,0.24286430049738872,0.30555181507106816,-0.03630190910811882,0.3861819212240187,0.3727068366237226,0.34107751577971185,0.3279538697503252,0.2691167311805544,0.24312735565261598,0.258993406586221,0.2229057119856553,0.2634460256465266,0.07792255786006295,0.3640167868244345,0.2768895691887809,0.31594408224536363,0.2375492328800222,0.19439630643696026,0.28576271335335307,0.3013442044313243,0.30891151933869493,0.31217550027504404,0.11014509457357129,0.24428154772794605,0.21945589189723064,0.2593211115382994,0.22179218819857424,0.30196992310958276,0.23374510686889086,0.22442453535667603,0.264018358288913,0.3766027544352156,0.10489835496790105,0.19225389036921112,0.2619829909653026,0.30045525228033176,0.25803474027188594,0.1815190519784488,0.32200264688456454,0.27326102578970407,0.3680038378644493,0.30701683884448316,-0.02331029153574674,0.2258788880505549,0.20449115347033836,0.21247883136796172,0.34956883272779093,0.3192462733872518,0.26364816323092116,0.32309428583833905,0.2566275529571839,0.3463515871005066,0.19445792666375927
0.018416714843656656,0.07977148077403762,0.09580173987392955,0.08098277425541962,0.18539768549723543,0.03250723099926497,0.31323396994728253,0.03307171311393703,0.47551075870565224,0.22780415450721558,0.4765002246235323,0.5857500601831541,0.5445672743820059,0.47452276310035807,0.5696026578419865,0.6489491865629308,1.0,0.641465655933147,0.5371423069593172,0.15466472706708806,0.5931883692192064,0.641299163773427,0.5735262116961133,0.48802808816940985,0.44052875946346914,0.3614517763005889,0.35751532355622895,0.3379531641630239,0.4671422236487652,0.49662498781936304,0.4694887471822462,0.36009463328337515,0.31105079192461804,0.3150842489975344,0.33071550034970626,0.2614653708208284,0.34140596399258755,0.39753739337699845,0.25821301262177554,0.26382140339273785,0.2605429951671922,0.26269643555888955,0.296614938458797,0.21956602256043314,0.28349714372723095,0.255260219879579,0.2733102244437267,0.25165342098909504,0.3565321701983869,-0.046479815070537875,0.39419117784768953,0.3506848597925958,0.2830845794957962,0.3114635235604548,0.2952250860752652,0.25489046772975654,0.24209300623479252,0.2868048260808286,0.26713890934919127,0.02568501283431332,0.26099343030433325,0.31107413177079796,0.3352961965148303,0.2655448727921598,0.1820389036638158,0.2738111910223529,0.33670505227555525,0.27371779760610637,0.3246779282809875,0.08260559989712393,0.2771385676808067,0.21047039694903452,0.25312087721693793,0.24380070201569434,0.25954753908181005,0.2160776640401393,0.21145946959391884,0.19970427117297318,0.2626849069282999,0.09146820092147143,0.10731764609468852,0.18006653621930863,0.2274807241814589,0.2516598294502575,0.24756754217655313,0.24142523591888737,0.287892561518909,0.32081137573253327,0.3186690335756241,-0.026390250598721646,0.21021415822930026,0.24294636955538038,0.2338766826170361,0.23336469369922916,0.25127632922573256,0.2619954639110757,0.22672552113530928,0.17994792827175196,0.3285181225553748,0.1636079316491023
-0.014242951957251197,0.06914571940470145,0.03358938290009841,0.09102278722007895,0.16415524740422577,0.1264429393148556,0.21856801707821852,0.17792396106516203,0.37749535656158284,0.050773605569178884,0.4226328792251137,0.5081448046570558,0.4169161875654681,0.45468798601780697,0.45540887336161245,0.6105723589023417,0.641465655933147,0.9999999999999999,0.7076317087046365,0.341654801185472,0.7051047305618642,0.6656538848891068,0.5823014518020868,0.6089286362314914,0.45404314194189127,0.4972212447171941,0.45248878665675973,0.5085261812743019,0.46681244585645043,0.5551226153076373,0.5903008718635169,0.4233870336622558,0.386279695138736,0.4177138173750135,0.4213171667813629,0.3905417169179507,0.48097145532275415,0.5009295567287217,0.462129870694563,0.189490270411668,0.3817310524630234,0.3800611422376158,0.3771184381138827,0.36411422578413943,0.4062928832786798,0.332704680848173,0.3141116844784099,0.3922301557917231,0.5207970236461115,-0.04660082657190992,0.44940348269804725,0.3701023457602271,0.3802835149242693,0.3822576793551069,0.35754463194200675,0.4351330093261553,0.3743415763895182,0.41811789394453563,0.4039557966305912,-0.016792777095672784,0.38196995604968004,0.46157955122228767,0.3742879108539634,0.3540325874117691,0.36716384321413015,0.4290280569283695,0.41468535583011235,0.4184275437068634,0.47077846082061203,0.08563853407135494,0.2924807385061656,0.37249107344135435,0.3413252436340415,0.3894326494489503,0.35776973341797375,0.4080737957447787,0.27927696505332306,0.38759146644998443,0.3879110351996925,0.07722471936793511,0.27009807599699953,0.2785111261962564,0.32948888260118103,0.3529061362056859,0.3490832184042609,0.4137087840401897,0.4118683179182392,0.36029883010196734,0.39637063515850335,-0.041920964685082385,0.34627270978049884,0.3071219860261858,0.2702989738508715,0.2986459375348153,0.3467918543679713,0.318662113454933,0.32608640215869994,0.32022302240891853,0.41631468037531805,0.11887682397993551
-0.02015603769561647,0.06919738440380907,0.03754056319902377,0.12162596391911858,0.1418070974568662,0.12349133719822676,0.2705095899500552,0.3368278298465271,0.34796634133369325,0.2068528854158224,0.34360143682221217,0.403415813743245,0.3934311190569425,0.30181304470637205,0.3783591713851415,0.4526411953715883,0.5371423069593172,0.7076317087046365,1.0,0.7875096000432883,0.592732028205502,0.5709824302339502,0.5456563222023529,0.5063551051267584,0.40730502559445025,0.4039975131257333,0.43175740381023303,0.3767132956087798,0.48196734686049386,0.45911484946880854,0.5217546227513135,0.3839501933564414,0.37194348439355585,0.40772996204570366,0.3662402796867373,0.37094170359427714,0.4029439092849795,0.47789603424495564,0.37015384852638966,0.22538155138422677,0.3645169137031939,0.36071127693378907,0.3569477527282682,0.3486920245927724,0.41558934981866363,0.3566507662079529,0.3370012636531059,0.3210400972167852,0.4285583136891436,0.23391414963098328,0.44024952649667026,0.4199095144414096,0.33423524538637034,0.385430074852255,0.43906483748462644,0.41813448243597895,0.37754116152548933,0.36923958775504717,0.3757404633811558,0.04041223150544182,0.268799026374559,0.41409915409273695,0.4228618388895495,0.3651251931175995,0.36149612335266174,0.435837131993918,0.37415519369991734,0.38192573395757673,0.35128297518805496,0.13940038148667158,0.32509841836442915,0.24006425938613837,0.3528345529802864,0.3236528213690441,0.339229060749493,0.3211679743980759,0.34507483098577874,0.39791053211553723,0.34015925385059403,0.36967363022465616,0.3020257309426728,0.26363493096833585,0.3777317721306968,0.2424300070148093,0.34936710904934654,0.33255408880747245,0.3741420420309815,0.36760633221462097,0.336898887636169,0.19715474599313404,0.22576685264002538,0.25405577640913934,0.19193447535355332,0.29609418362907786,0.3314578916079005,0.33235365533366407,0.3897041230455175,0.29886755554428057,0.3691258856603242,0.18802953190334237
0.1427273063751419,0.009526677863059088,0.11081597189189701,0.09034022048983183,0.05643552916190851,0.08801857532145242,0.0323148044191781,0.13111250708087144,0.15213957129318334,0.032990161795972195,0.0801780753725801,0.05497873698199043,0.3002237247609206,0.12134077581788241,0.2890449617999487,0.2868362827777694,0.3070889705437511,0.33366100061142673,0.7875096000432883,0.9999999999999999,0.3927002757836225,0.3224157706110917,0.27590952540865293,0.2581895901197539,0.1688347649441052,0.28975439086318255,0.28993374639934694,0.3012039199209685,0.070739240779159,-0.008399824638360366,0.1909616118601706,0.15922811623331556,0.1666510070582836,0.16231356297788732,0.17834992282806403,0.1917253459242299,0.2570289527366216,0.08652234705517924,0.19653986491173964,-0.005064900202226373,0.16184653659676113,0.21917809901420768,0.1799134750288325,0.1976524124258361,0.23788219653459575,0.1809966428444412,0.2113217385186935,0.2256331367046746,0.22838905358970743,0.16022220733020737,0.20015602053398537,0.16449880521238616,0.285021487909633,0.14821142173743518,0.26110996278421067,0.14450494113165852,0.16017568762139267,0.13835150039628355,0.3098077933168544,0.09798580485227776,0.286979272879199,0.18655116154051865,0.09701260025975073,0.15006079954380191,0.11650822082823062,0.1629927510113371,0.19406158641973303,0.2966805506014449,0.30996951696996305,0.04419783234332498,0.11665710685072994,0.23053051110473902,0.18464760379001813,0.11402079019155519,0.18271757427486615,0.19048124094778884,0.17060338415631968,0.15819669673173403,0.23899430842353875,0.13900743051153303,0.13620050715587537,0.3143210736814951,0.31907136528633784,0.08382642275562933,0.1995070752297965,0.10234726443332401,0.2274022696617937,0.2456570726016196,0.41682211836704375,0.1583993367888466,0.16181523058511396,0.11178806003772752,0.19591502407317915,0.17067565318254227,0.25160712141037156,0.13768844813937453,0.21683614221084954,0.20536749779884705,0.23944364689385578,0.18874135584297108
