0.9999999999999983,0.20624433739519443,0.19801684744248663,0.12826634214254007,0.04044943953287421,0.0634581044730296,0.06717422804733372,0.0622244608543471,0.00417962979004417,0.06534302396669442,0.03572219522739776,0.015968285153805925,0.02175430261797033,0.06982499874958459,0.04364288098036889,0.09947492231559357,0.04967550949763819,0.05041373818002991,0.034039921625406096,0.1523195748392553,0.048397624964112665,0.013816469051858123,0.06889930335188924,0.0416586579393393,0.10466273216551138,0.07092173898458409,0.09999153274004016,0.06215993046439597,0.056085214793236415,0.11238793283284854,0.03824863431419876,0.09104122857268229,0.020702799044677582,0.07026007041798621,0.11816582702134132,0.08807989777265912,0.06965045571028101,0.10409411298921836,0.021030389172601718,0.08555832612881632,0.10056509668511444,0.04179188443783695,0.07894572107212616,0.02787866769110088,0.02597084467451046,0.00031677087619045967,0.0764996835387555,0.05023624846894952,0.021087815694916044,0.012277957510103497,0.07139048396726605,0.10473555725682539,0.11831084724391906,0.05276404341952477,0.01504882966919278,0.00038460032769782387,-0.006742394124583337,0.07655775176640262,0.01947409761872587,0.04481504753566193,0.1265336070064823,0.014275544783585326,0.06485206471097067,0.03865073113939163,0.09469360284516173,0.03956261463163273,0.08450020400017297,0.03463335824454819,0.07947413860741029,0.08738374647075416,0.08761181322309088,0.036815446876712316,0.08268732508279411,0.04849155394636169,0.08845609658298292,0.057760593267629105,0.004948758812770824,0.029774338802166355,0.07857925393991744,0.04705948492461612,0.06407275918203378,0.09335482612699608,0.04783447566030277,0.08540765299486801,0.012369748868520207,0.09410691069302124,0.058895767273305324,0.060445901387520616,0.016383933488034623,0.055670442818737315,0.06714010665447395,0.04962351341426342,0.042084801292194524,0.09245208714848469,0.06307951370368803,0.07824726217207828,0.04903276208343069,0.00023927861579692658,0.07704884861788634,0.1374830360379646
0.20624433739519443,0.9999999999999989,0.4258659225247853,0.32937166419770764,0.13626446413828996,0.10885680572620678,0.12655837132625958,0.08081541944562579,0.09872520294032798,0.18979116047590028,0.12235528562714498,0.10742297304108306,0.19687505209921158,0.14463871538662992,0.1825956855157357,0.21199211120694836,0.15270677871782645,0.10836685633162044,0.14350890164448415,0.06849997651937259,0.1146467732757094,0.18045759804851885,0.1400002651598902,0.11698558344131896,0.1538480166359643,0.14003515866904973,0.1914821213513379,0.1663944538475346,0.1485626110920426,0.20447390948824,0.14365614766522117,0.1633518807826259,0.15727174065565797,0.17327221121867292,0.22323930731453528,0.1461558834840379,0.15711465866954694,0.2066326951977893,0.06318664507828642,0.14954538685317914,0.1893363233574621,0.15817778317025466,0.17697940439192442,0.16749264861999752,0.11562804791753493,0.2001573343433272,0.19738172151263922,0.16331202886293567,0.07065673207741924,0.16074440520021027,0.1938275083628907,0.1643917280642489,0.17240469982447912,0.1108295433331114,0.1636637654196299,0.11122667009545041,0.2058263398437328,0.16548407553347397,0.1426391180218095,0.08875082361846316,0.23801697248284648,0.17924156090429355,0.1998496671099944,0.14779817696730957,0.07018836884597604,0.17586474693500842,0.13652387532653512,0.07814898312492813,0.15793823745016855,0.3125604620066341,0.1974767176315269,0.1914218057235362,0.17094837945083935,0.15070734030108796,0.1844830265872257,0.17091718025443017,0.13318779005101272,0.1414304417696664,0.16252156905714255,0.037693474286106046,0.11682051695479,0.21807044787995641,0.13570316500215368,0.18554336479921202,0.15089136310835594,0.19170264263122552,0.12430891907362446,0.1967996225271326,0.13851654674636932,0.14370238397130256,0.22394718699028254,0.12640494224138504,0.22330581427357316,0.19945694332515498,0.20910235473175054,0.18271686376494764,0.1680453974183438,0.19568657370979028,0.2324130106259395,0.22466914753199482
0.19801684744248663,0.4258659225247853,1.0,0.30521554716661503,0.14734461478818522,0.07458601645685184,0.1001984959109365,0.12233788029226139,0.10130354748027273,0.08037764351676163,0.042772871219679987,0.07906176196910053,0.12664094212403992,0.09592548303034044,0.10415267704041185,0.15878476905549704,0.0876184190896061,0.06677568366812667,0.1334877802151918,0.129693879829195,0.06305913072266336,0.10082153682046088,0.10819214315726024,0.04719012365254657,0.17925711578078923,0.05348084627115988,0.1371625070336686,0.131081498527845,0.12453551399781053,0.20844352639976246,0.11645281706491774,0.1769567233700746,0.13530040752525047,0.11437752779142671,0.19821645981650549,0.16575284867137852,0.13573356776186246,0.1777611510999131,0.1051316627361827,0.14047933169384597,0.14779057787356698,0.09820361924616042,0.1722270897056971,0.09269466003538386,0.050889974358653056,0.13895246085938628,0.13966727995823644,0.15034609623571737,0.10955090016335617,0.041411559709445225,0.17642346395460703,0.16376849978328162,0.18377715881076576,0.11797318003354723,0.15227512255694806,0.07225811418486756,0.07701787504525659,0.16629797897099025,0.14889806474698417,0.01547731238950022,0.22080475331586719,0.042388311233113374,0.15949035898663255,0.05705006277115002,0.07904666538658775,0.07818804023194181,0.08968627785646599,0.09504539689975046,0.0905811977986891,0.22738636698512227,0.16061083894611855,0.15064053174859254,0.19680414756166204,0.14442362430474476,0.1385476344314135,0.08502888295554598,0.041439977219557576,0.14090637786703827,0.2129153693671615,0.07485424953760571,0.16973500192756297,0.15826505937551233,0.15832381097577247,0.2127333858912258,0.08272170279686598,0.1827091815452865,0.11856201008694715,0.19143685049991638,0.06903636681357696,0.05036386547959745,0.17310889669269483,0.1315419193562394,0.11019579493877771,0.20653924430228018,0.180235130361689,0.17885632851731098,0.18553701901186143,0.07367570139094765,0.17021380291362628,0.17659025740244205
0.12826634214254007,0.32937166419770764,0.30521554716661503,1.0,0.327077235989203,0.07873933995800955,0.19138897636613922,0.1428051802662137,0.08194680487687958,0.07758409957115109,0.14474892614196128,0.1369137725363845,0.20441673330306043,0.18488155756024605,0.17827401158991074,0.24510126402833993,0.14330883577827927,0.12344376714947448,0.13263353449129392,0.08523250430956764,0.15914104553831948,0.16238773882898105,0.15999261680603888,0.1364342364742826,0.13972407736339273,0.13145818535064974,0.157113339683341,0.1426142907996033,0.13436978470753178,0.12649042589242543,0.14220607393425772,0.11817465243317248,0.12572720256905248,0.1310092345017253,0.177634702973954,0.13938201960908825,0.14330047040202307,0.1521014789797124,0.11297091238713089,0.16235792404450372,0.16504908794251055,0.13169657121292122,0.1614704138829391,0.1612615252932011,0.11836580463365716,0.15246949431701204,0.16606805922829532,0.11180360958426931,0.121600208704867,0.17747454949072455,0.17196284767725478,0.1932105991446659,0.1671460582804032,0.14279358946544124,0.16957185966056665,0.10393216477621611,0.1491292904063698,0.12332973111553644,0.10554457009185828,0.0824531803682712,0.20046409572628493,0.14064493753864338,0.22264546811902544,0.12479516168346967,0.09302056762528643,0.1777667827551752,0.14878339688022385,0.14155198744368258,0.1298744469934616,0.11798550379374227,0.17871665161330638,0.13433724734502422,0.16988206085543206,0.1261714136112931,0.1545981758152198,0.16770536432168776,0.09832911841037105,0.10668601231524241,0.13041604646109628,0.07230539001694819,0.14425839982059313,0.19876472063917744,0.11066650324758137,0.1759103133658167,0.14629709917436673,0.13786965788134206,0.10200082383294634,0.14248073191374377,0.12476974471308487,0.105904463732592,0.1418248443611131,0.10623495503392451,0.16394534663465285,0.1623010303562407,0.1532440898370258,0.1533962323802887,0.14587259569175154,0.15641611294093738,0.18329604193677507,0.18135567738785216
0.04044943953287421,0.13626446413828996,0.14734461478818522,0.327077235989203,1.0,0.08246842648958447,0.32448131340306263,0.08723073403034079,0.23994252075531705,0.07566888179037745,0.17447586856006386,0.20909738974413272,0.24739941881794864,0.25143759149732003,0.23466908877553708,0.2728809133503409,0.1897501686809232,0.17835424688776486,0.13863510911807936,0.06610727962945039,0.16338395632847588,0.19178554640250128,0.18418965378377852,0.13358824763956728,0.1980209730781777,0.1591675242609105,0.15711646160390905,0.18461350933801904,0.20768863522095188,0.2722700895286373,0.11714170505535446,0.15101223391212046,0.10941925644531936,0.1545459972417431,0.2240145396288843,0.17416610472464436,0.14282402360549729,0.16240729868846665,0.15390530643994166,0.2046329633089647,0.17804274890632754,0.11786329894759912,0.15099000237141535,0.1561699348080831,0.13908063085633393,0.13541565482956863,0.18119687430952028,0.149238093244222,0.1566355639110899,0.08962073647880342,0.17168547352138802,0.1556458956782122,0.17190547052946933,0.1630695853703334,0.13942480375485047,0.11844956475572604,0.09981824998091715,0.1479071176258705,0.16265896450075465,0.03428739254247765,0.2107428255473151,0.1526194191350746,0.1445823441152529,0.07268705081988347,0.10513000757046909,0.15958120441337742,0.12364117424623343,0.12170594360799794,0.1416225753023594,0.16283376179940962,0.14412287367661625,0.1611150711025423,0.15365212248505788,0.12902858761766278,0.1615075744568708,0.1315301944650623,0.12653268894519892,0.1149614222663759,0.16252779180868632,0.08320566424588319,0.1227618870286398,0.20260107302399688,0.1491344916303874,0.13604468194566813,0.111415549108499,0.15826198675300718,0.1350670847027543,0.18087095748909743,0.11895685110770618,0.06480446303501694,0.16006885101062415,0.12303956164620705,0.1879762442605294,0.18004485447614188,0.14921565693436412,0.17680442941120167,0.1096635687158477,0.15490283322832377,0.17067232609773503,0.16639095975868406
0.0634581044730296,0.10885680572620678,0.07458601645685184,0.07873933995800955,0.08246842648958447,1.0,0.09357841840372727,0.11471998764505931,0.0934303386888231,0.036234697594964796,0.045225083012742986,0.07590599901209319,0.08045269424706966,0.0810672562051771,0.09217999771107716,0.09875807078796643,0.08168366471926342,0.12792696950004084,0.13101969609088526,0.07088228110647099,0.02959313832666292,0.05283062543145755,0.10212512617830255,0.11187967223573167,0.09312139667165839,0.10488627490725745,0.12979925680284915,0.06506676900235431,0.11416154238169632,0.03319011669642135,0.0994232226106016,0.09246445982733134,0.09406182191249904,0.13969660391686467,0.12585595537843292,0.10737920254601385,0.10657113221477611,0.08800691251519302,0.1273185353611667,0.09604906184511512,0.12755765311414843,0.07035714453637912,0.07515699623658825,0.0944179247499452,0.0972294961521411,0.14340158029120803,0.1430296469293505,0.114675203657381,0.0780274583261898,0.03375812632476112,0.10984740385275299,0.11991254479122998,0.07656068941893154,0.1296754338032451,0.16097343438967665,0.06432486059104292,0.11189369365659332,0.1166244033162101,0.08463352754082512,0.0659103407382948,0.17127888962886398,0.08698637418178609,0.13115766909137544,0.0988961975529,0.112959051801143,0.09082187132816627,0.1058797915069502,0.10557824509766672,0.10419958566557634,0.05392968330220226,0.13928989732919161,0.12497876365423208,0.11000206733547452,0.07121527276097743,0.0773756690372649,0.09921588989024499,0.10169177633737385,0.08700453758047737,0.12944761650175757,0.15440610221572115,0.11625996351341046,0.1647421048784717,0.11314373143713942,0.1593713368980574,0.11945196887143934,0.10939454545746498,0.10322861469043054,0.1406941848894522,0.11327255684958902,0.08573940797399973,0.15102435119217855,0.06690392826083923,0.15127830813526455,0.13387512513755145,0.10591768395304259,0.11725476019200687,0.09136791232516626,0.0873999403583025,0.08877395124972515,0.18100673799760575
0.06717422804733372,0.12655837132625958,0.1001984959109365,0.19138897636613922,0.32448131340306263,0.09357841840372727,0.9999999999999994,0.10592265414438783,0.46598403600129834,0.15299491098336637,0.35563028433577026,0.3815107048400582,0.413777472423477,0.4276052191776091,0.34933638025060726,0.35985827321267966,0.3040588770110344,0.25294857586969877,0.27447993404899407,0.04451792537600765,0.2570996003410119,0.28499625270860857,0.2653359463999697,0.18001815417436576,0.2479868537451524,0.18465074397008235,0.2166305731284084,0.20560333241399326,0.26829301742457046,0.2931256686598317,0.14959547206490595,0.18687478918475145,0.13577006774561073,0.20702395760853998,0.24593724760774743,0.2113154781894082,0.19304391903419618,0.21547853907421788,0.1824616274480095,0.25858978169073843,0.2188816568702129,0.1904249997533381,0.20866912914329186,0.19681638393181872,0.20390908388675705,0.1874670937849833,0.23202829271282055,0.16005907185372897,0.2063826466114499,0.09171158408726549,0.1908973660753851,0.19607339751529718,0.20795977419791498,0.22302660569900631,0.23423217996181311,0.19001201003273382,0.19989915442046718,0.20829769712574145,0.19546413118781125,0.0756755292629178,0.22995793916323387,0.16679540581274466,0.19194502427330934,0.14191085196756548,0.18705368916692458,0.1981877203384483,0.18461698858126052,0.2031917373629293,0.18308321204871109,0.08488632805528262,0.2161982836905619,0.16867412114856684,0.23454214382524943,0.18152373626251672,0.21162127186901844,0.17593658652122818,0.15940405546633102,0.1754996961059369,0.22311470159391256,0.10913676584428733,0.15465535605839414,0.20401750075009134,0.1915022136057623,0.1867595019343417,0.1989457672930432,0.2146289930408996,0.17289975216989728,0.21779176495240293,0.18608218171647467,0.08745598197368723,0.20591608782638748,0.15567646395970874,0.18390630527287377,0.21598423189741756,0.2009312724256283,0.2112955812909932,0.184476749749593,0.192012723985647,0.20597966665542586,0.13743816812539866
0.0622244608543471,0.08081541944562579,0.12233788029226139,0.1428051802662137,0.08723073403034079,0.11471998764505931,0.10592265414438783,1.0,0.13587974094177038,0.0706551223897806,0.09402581252234804,0.13173599921333537,0.09542076001480862,0.11340919702916302,0.10713046324498718,0.09287206828195019,0.05487942138642951,0.10909171585262903,0.3931467061468412,0.2561055666794789,0.04945159518356043,0.08070178029287685,0.09832920556078287,0.06845911037200456,0.09635458412032508,0.11663593576141455,0.08295237501490438,0.1205605706797729,0.1341472360619259,0.10527095616248287,0.07305741972138471,0.123674291398706,0.032006355830132234,0.14606120426640376,0.15453209939017465,0.17746749555766408,0.16879341549575055,0.15382660388215197,0.13505936231420254,0.12947360693617915,0.099489067037325,0.11260806925668287,0.05638549560124181,0.12716762228779982,0.1725240562580585,0.11678643519686163,0.1560704830228528,0.178288755904382,0.41679484516892673,0.16366261368828655,0.10406888641415883,0.11024341966874987,0.12968498570710033,0.13795079052998244,0.16443300410299208,0.18699742487248452,0.16508946415841402,0.121832399916364,0.15994104303998916,0.12227772953983837,0.2028227576807503,0.19370068871460822,0.12192511607500525,0.1453108248257874,0.10664205917777628,0.17096140145091518,0.12788662929253145,0.17103074442233848,0.11595468829586389,0.23078848289493936,0.1260297225081305,0.09528535102547951,0.09539971181274123,0.11106931073136223,0.09907127252827488,0.09747970024974545,0.133077553600089,0.15020851275802938,0.18863389336359063,0.13477939887562074,0.07811449486339016,0.1720273236671573,0.10616190534696661,0.1585447064679098,0.1110939008562255,0.12955322649043244,0.06670713034891956,0.09173295307755433,0.1525111683104709,0.24869663650175328,0.1640648797886695,0.0923905044735043,0.08985480912034303,0.15362475501262174,0.13130743562164476,0.12900335547688033,0.12828897464631447,0.1304977012867061,0.14251048423654128,0.15364994131057635
0.00417962979004417,0.09872520294032798,0.10130354748027273,0.0809935676033682,0.23994252075531705,0.0934303386888231,0.46598403600129834,0.13587974094177038,0.9999999999999996,0.8357091874794651,0.5026232117013125,0.4755418958684545,0.5128545381449756,0.5514028177516663,0.45349029269410335,0.4101418274631735,0.4019052056545105,0.33086898165987033,0.31526732482835246,0.1091424475846304,0.2914618343086281,0.29556898198063675,0.3051789601961724,0.2405047158688134,0.19536934404265283,0.15281533741979597,0.19401791567309287,0.22481483966398497,0.24252365570952703,0.31925504015215533,0.19115786725379125,0.1420566261122636,0.11381469290535154,0.1669674922425557,0.21604932544475014,0.18243419910425995,0.14766906060807589,0.1593223109443945,0.16553229156318067,0.17864411451631435,0.16631151349049317,0.1623472474107225,0.13940355276806776,0.11522059141696542,0.18569194138871803,0.14368615615152494,0.17818010407545545,0.15253190646183323,0.17193315147054872,0.05728274374152882,0.1679309949823175,0.1498857205487869,0.2017530661541307,0.20120078904296534,0.2060701107697095,0.18603329800371898,0.16435042012384232,0.1589160290320297,0.15538691257905884,0.09045173547794828,0.21461509042536422,0.13575460195998734,0.14323866324950624,0.1585367679691667,0.15126627474650162,0.1615536274101665,0.12513582785632377,0.13354746818922045,0.11647500134352143,0.0907121377468008,0.17776674294435207,0.09759274448222312,0.1638964593850683,0.12881373726495038,0.17032159794047233,0.1308221878123471,0.1869742609784666,0.13004505062772825,0.21681712434323613,0.07856098184425213,0.14714137149448733,0.14514862657768274,0.15423755368667533,0.1307144953713959,0.13546460408999117,0.21541220036087483,0.17581468739783013,0.18042577013967268,0.15748047909429141,0.13378565336590248,0.1451039491890504,0.10985060007410655,0.172397264543384,0.19141508322477735,0.16745439800999454,0.18486818132771207,0.15592509186903225,0.12575806519788285,0.16880165583925016,0.1691097985002972
0.06534302396669442,0.18979116047590028,0.08037764351676163,0.07758409957115109,0.07566888179037745,0.036234697594964796,0.15299491098336637,0.0706551223897806,0.8357091874794651,1.0,0.13176833130230658,0.10950459148174788,0.11528568595504778,0.12527612980057118,0.11145904991626263,0.1574208210375873,0.17890287609218392,0.11917916202400244,0.28805768974084667,0.10196906706935979,0.27131219839097476,0.16784098824275737,0.06946705545512023,0.09104277368967469,0.09096001334323939,0.10381448977265953,0.0706642796494932,0.140800317987536,0.15345020403735685,0.14594085232905102,0.07552705709068477,0.08906511898179789,0.09283251409107152,0.179960377368253,0.16119400906753725,0.08910396235706622,0.16213484148420124,0.08773008082465242,0.24350535291372555,0.1607544835916304,0.14283973750569978,0.09519203063417736,0.09618915782551411,0.09300720857869746,0.09966102914018227,0.09568755426270126,0.13907887789003764,0.08754671067850804,0.27438385321432895,0.2030686726998724,0.0588294230949577,0.07495437563412531,0.08614962608849257,0.11400428474714003,0.07809235272192183,0.20872228407112278,0.149119915630014,0.08292316098044065,0.12580297916980474,0.13820675191901846,0.19982518572424648,0.09624390835791982,0.18516274096367522,0.07436776357784793,0.19907836219713748,0.11572174240925764,0.09482857647390502,0.10159630358553115,0.23077147525611452,0.11006915523228483,0.15229379636603796,0.17389171063795866,0.07957523305830945,0.07656589997092308,0.15671388895717908,0.1823535068824183,0.08629149346952372,0.1196236504488315,0.08809053069471715,0.11777782405111656,0.1697934551239755,0.15210872707325304,0.10121619651153065,0.07734183601842162,0.07240451747440158,0.08130384997061652,0.10342804298367135,0.09652329486274572,0.4061742425875767,0.23155854914930712,0.09300685614215158,0.1705125824307559,0.14323032246258507,0.07874536216857009,0.08274452704202978,0.15007785229599008,0.15978912977600895,0.1722778879693183,0.10372105416187534,0.16388400302944633
0.03572219522739776,0.12235528562714498,0.042772871219679987,0.14474892614196128,0.17447586856006386,0.045225083012742986,0.35563028433577026,0.09402581252234804,0.5026232117013125,0.13176833130230658,1.0,0.613340040485538,0.5813027721981036,0.6144710153293842,0.5693231591816891,0.5308288731384014,0.4753160086226752,0.39632053141012347,0.3524853930042589,0.1004911026957692,0.4282873377660609,0.4144607894355413,0.4080844348936567,0.3319819313475013,0.2714938551651132,0.25622296110025555,0.26452114899335405,0.28531822886413943,0.2747217436255416,0.3305730295466786,0.3084554171800059,0.24683341250737867,0.2094703024139719,0.26018552302434195,0.23793224361674664,0.21718975084611908,0.2116219145900494,0.21341172212115167,0.1986807175489085,0.15640335950519366,0.22311277602768256,0.2104863087848177,0.2399663487699115,0.1904266550661775,0.18632014284057896,0.19272356693484205,0.23448795842833198,0.18097063712197725,0.24545104861399977,0.07989390134341198,0.28176695470820906,0.2535419902637135,0.22506503194017696,0.24505195332451563,0.22192333794214625,0.2264981751206701,0.19068879338599498,0.19287784197988728,0.20761790830775076,0.09538387194647535,0.250656427556625,0.25056698150530043,0.22161059446797976,0.17326471782577402,0.17700123857058495,0.2006094771310159,0.208508999967716,0.21804412894828412,0.18714317154749627,0.12511077362039652,0.23124994606424537,0.21035587437983147,0.2259466166668666,0.20106068987374046,0.24709346524350517,0.1938255759838033,0.20633103959835725,0.19052990260322206,0.21899217419263076,0.08188207139398355,0.21019043857258124,0.22208278812866544,0.22516670995591032,0.22274200327797222,0.19750912486717695,0.22697762130346033,0.21274845699728534,0.23529184288989835,0.20461534399511636,0.12633402494773766,0.2237966202537303,0.16702990513520144,0.19176383630031768,0.25931286687008676,0.20384531634274422,0.22523508071950307,0.21405908315598826,0.1700236430087106,0.21930891944780126,0.18211835430683918
0.015968285153805925,0.10742297304108306,0.04580145420933204,0.1369137725363845,0.20909738974413272,0.07590599901209319,0.3815107048400582,0.13173599921333537,0.4755418958684545,0.10950459148174788,0.613340040485538,0.9999999999999998,0.6339014221083176,0.644629981568038,0.6353685889638572,0.5899633635889578,0.5650966068829073,0.4612473110596217,0.3699182831479832,0.09702453010554007,0.5057080093132108,0.5293943107619625,0.46985388751724855,0.4105057883721396,0.3906138768525269,0.3674354582842559,0.3614446378681166,0.3602129936111128,0.36029323357808657,0.4205009534889166,0.40817441060886983,0.35213432240337905,0.30091925893625904,0.32370399720666215,0.3619390004677925,0.3157937539374755,0.32480034585086837,0.2787248220313625,0.29486654827629494,0.2434091240737052,0.26647137626637685,0.24957201241444954,0.28024113412047397,0.23375472348447712,0.23281898259884495,0.2530073088264554,0.2634008462142794,0.27029938806092196,0.314071819118001,0.08518103116399375,0.3283874917732729,0.280787375140764,0.3020423186669755,0.26168335277101584,0.26562849858802773,0.2253736682692301,0.2625122848618422,0.25552139164099136,0.2655355669607715,0.10548250401098193,0.3001136697071338,0.34812887549119165,0.33074953215642644,0.2523897252578624,0.2520525781431459,0.2992856314420075,0.2895607638306713,0.33720757639845667,0.287773930291764,0.13730349964562352,0.2295041953152954,0.25394722011241994,0.2576227312295415,0.25031707547710097,0.2629937590655541,0.24626955954742338,0.23677664664116696,0.20187038668835533,0.20637168219049493,0.0801727269115986,0.20147769173073177,0.2400647421968107,0.25457707464263823,0.23350912531901027,0.2537257225065156,0.30886798367725976,0.29911370147367855,0.31635340768400266,0.3083394641951958,0.08580571487977728,0.24944804860002362,0.2233921291789548,0.23075633806895657,0.27402662330967936,0.27166525432611777,0.2777246751435472,0.23397971520493832,0.2548420371165936,0.30435191889547697,0.17191934683310117
0.02175430261797033,0.19687505209921158,0.12664094212403992,0.20441673330306043,0.24739941881794864,0.08045269424706966,0.413777472423477,0.09542076001480862,0.5128545381449756,0.11528568595504778,0.5813027721981036,0.6339014221083176,1.0,0.7098027285639269,0.6435949091037478,0.6452518416441174,0.5595995904694326,0.4358217483231661,0.4082642343954163,0.10663326952402942,0.4600886191530974,0.5277200881888084,0.4653548380110898,0.3960543067969264,0.4069069047308487,0.36251531868828935,0.3505879087849636,0.3782664213462721,0.3581404979594014,0.36307067200703563,0.38769117978262757,0.3475902410654964,0.29750398992046884,0.35582106223778265,0.36198164117999454,0.3600256755101051,0.2443132970447092,0.3530015712329506,0.2161144101577554,0.2537111920885663,0.3225378794488183,0.21749538676303976,0.3446814185812014,0.26198558340838357,0.20193958121778488,0.2559124434165593,0.36847746735431686,0.28694183222628744,0.2030868464471466,0.12169819172395141,0.36194359580956376,0.32656273300317284,0.33734533494347996,0.30781092572389224,0.2790929643573921,0.19969012958684018,0.2636865348130806,0.3000554214040333,0.24631693302878416,0.08158673305883929,0.364095378675117,0.3364082801053025,0.35001714438766884,0.21176079104725104,0.19751614828617126,0.2385586107463156,0.3349165437158388,0.26817625623406555,0.3002654159386382,0.18203528337206398,0.3451530941138545,0.29933989129943617,0.34818000956816786,0.2564692458421127,0.3470258656694417,0.2689177063810366,0.21747150424203837,0.2399458316028834,0.35758964855260744,0.05600056566863959,0.1949982824108541,0.31519295042932105,0.2407469736444927,0.33173176776930935,0.24605903572793358,0.33162395402591605,0.31407083136081926,0.3433007510728511,0.26337497351339745,0.11636738990323545,0.3117815487029679,0.23562976273843145,0.2944583274374166,0.35703063746633323,0.3044003600417134,0.30952183541892975,0.2842127426918308,0.28381081025040006,0.36207730690597417,0.22154384628749615
0.04786579878100611,0.14463871538662992,0.09592548303034044,0.18488155756024605,0.25143759149732003,0.0810672562051771,0.4276052191776091,0.11340919702916302,0.5514028177516663,0.12527612980057118,0.6144710153293842,0.644629981568038,0.7098027285639269,1.0,0.6761848740714176,0.595319555002172,0.5298058045019943,0.438050489848674,0.3951122459937233,0.07925453623973955,0.43871026674030755,0.4816980334050619,0.44025641931662174,0.39188000990298294,0.32123450263988723,0.3419439236856116,0.2856984295899157,0.3383669691827259,0.3339708867971513,0.38384256723487653,0.35570798077372356,0.2725815776775902,0.27296143108518794,0.28783847699048043,0.28335561752331695,0.2866482200849574,0.3043585440938535,0.2753835676494278,0.19333180303749395,0.18914930640962693,0.26657736497972895,0.22840305437508635,0.2624892203991076,0.24900985559658181,0.21706617637477038,0.26415096793718984,0.3243466499944926,0.2650288370519004,0.20821450737693836,0.11332586221505625,0.2844477270649425,0.27148097247014075,0.26677164440006723,0.29269571717482545,0.2727038786425779,0.20996778909336755,0.2528130715080759,0.2584425050412441,0.2626288519312064,0.09314556245123376,0.2941049801221802,0.30707057058817877,0.346353505357897,0.20753549616694406,0.1586787134407803,0.258228882393732,0.2877349449698018,0.27163341803133967,0.25183948260484246,0.10415335230151943,0.27488222788531497,0.21403426347735818,0.26075156593179005,0.2386809409645456,0.2602933446615595,0.22217483559156406,0.22000970808462258,0.25478405407315297,0.2976770054926768,0.07703965351621041,0.20073473125723834,0.24433768574164616,0.22025980117066957,0.23176289887541962,0.24211439908037768,0.26225106470762205,0.30845309550786326,0.31124933835180596,0.2980920101661643,0.12091657158922166,0.22851816048385104,0.18906458449352004,0.25252055847823474,0.25903980366523843,0.25845492865504377,0.27985900833739974,0.2804123913293669,0.25628933406126725,0.31760190574468206,0.1565398754996946
0.04364288098036889,0.1825956855157357,0.10415267704041185,0.17827401158991074,0.23466908877553708,0.09217999771107716,0.34933638025060726,0.10713046324498718,0.45349029269410335,0.11145904991626263,0.5693231591816891,0.6353685889638572,0.6435949091037478,0.6761848740714176,0.9999999999999974,0.6733347246406772,0.5747432716250721,0.4218687134635754,0.4142154991164746,0.20452598937530259,0.4576118067044418,0.49514525407322074,0.4830775410896614,0.4366018401160589,0.4199258453086602,0.34748396193863057,0.3513763994979387,0.3694560834151473,0.3676586500390768,0.38239652288401993,0.36697007975691903,0.36229698621684425,0.2550164169344619,0.3500864680646682,0.3441778320487005,0.367630112462897,0.28859631239415595,0.30447831273362125,0.22428666810586834,0.27298185370171246,0.2919104476755228,0.233837597246678,0.297313287166582,0.2120351187128704,0.1872044371033324,0.2134999107331303,0.31545567383297346,0.1970888057734348,0.22506284394936144,0.038326984501519015,0.36993341655158135,0.3233974002995523,0.32976161867358555,0.3430641643540232,0.26322654971686205,0.19647762353551096,0.18387117103745296,0.26401019963588834,0.2228982383202893,0.08094204359679862,0.3383361847056841,0.2908034211327973,0.3781952849343821,0.18445170503097155,0.16786023061486027,0.25510056201744,0.2978006455845269,0.26901787614196604,0.28990139610423354,0.266686665319787,0.304086931489144,0.18706621990592975,0.31944121941090803,0.2357734916921877,0.31085395002325245,0.23873796349837054,0.16069769941339,0.24936036559424798,0.3455488308007889,0.08929168688985935,0.17311567703504963,0.254047928514443,0.27014344969543785,0.27787187201521385,0.23943761320468948,0.3117854580294138,0.3258663320534467,0.3367124729143078,0.2880041474200848,0.07158738143578439,0.23616284082474123,0.18506187283152456,0.25533098441623914,0.3098568793822777,0.2530077514717528,0.30756453722321647,0.27539963179465465,0.24573572260333465,0.33901365407981365,0.14470165377796756
0.09947492231559357,0.21199211120694836,0.15878476905549704,0.24510126402833993,0.2728809133503409,0.09875807078796643,0.35985827321267966,0.09287206828195019,0.4101418274631735,0.1574208210375873,0.5308288731384014,0.5899633635889578,0.6452518416441174,0.595319555002172,0.6733347246406772,1.0,0.7494197036784149,0.6163701806311392,0.5472078989616763,0.17375014931770527,0.6464239475592422,0.6534133055236255,0.580142581107064,0.49123278974198664,0.43476401962676114,0.4172137569990635,0.38601207112437497,0.43021652254389864,0.42778894270227297,0.42092671449798585,0.48276035053035404,0.3741484426581594,0.3645885025559962,0.35278468329056817,0.3875338649849963,0.3915628973296978,0.38315379832702223,0.34041118929242903,0.36516536112839315,0.25337719074248555,0.31715849205358104,0.28648089105490043,0.31452924139281213,0.30463699110896114,0.23991887709779292,0.30691633375809646,0.34137314484776476,0.3125496326445607,0.31181342633862275,0.16787373098125352,0.38758001843534345,0.32597007383657484,0.32919964728469164,0.35340473136590833,0.33992057615849847,0.2756779421380974,0.3118135547752639,0.29150065043558093,0.33060404894548523,0.09271775633279086,0.33807393790986917,0.38874585685756036,0.4268547798295211,0.31738097698931994,0.2543793233848054,0.3559389028798201,0.32709973823191396,0.3776196219554678,0.3174366880063747,0.1508699126298621,0.31287029282033985,0.30297555406351884,0.3245583051277267,0.3008188044146366,0.31972694414438846,0.3065420336493865,0.2881128801815512,0.2981636921005958,0.33557231937146165,0.11443639533381192,0.25861749398196154,0.3325783327772993,0.31142705454897,0.3057440482352148,0.2745901093295978,0.33775025982577445,0.3609534276666734,0.37107431705313465,0.34446954535811003,0.07389417918055291,0.30619112640380686,0.27099815146710704,0.31918020119891694,0.3416347669404274,0.3316988254007984,0.3025605856446123,0.3199980658461053,0.36385121864127623,0.38990063490723137,0.24424103573001643
0.04967550949763819,0.15270677871782645,0.0876184190896061,0.14330883577827927,0.1897501686809232,0.08168366471926342,0.3040588770110344,0.05487942138642951,0.4019052056545105,0.17890287609218392,0.4753160086226752,0.5650966068829073,0.5595995904694326,0.5298058045019943,0.5747432716250721,0.7494197036784149,1.0,0.6573501703247682,0.6035606611274512,0.17272961261274417,0.6451081760485005,0.6562469596398018,0.6157294082739243,0.5682885535056793,0.46544435815094676,0.4448051167624091,0.44052397295734086,0.44517487673114653,0.47144758817726545,0.4734983691992079,0.5247064301862957,0.4259971473523525,0.37074401866003015,0.39335632966652545,0.3760690815475803,0.3784400696574123,0.380634402818701,0.3667708678365018,0.3933342032459326,0.3115345354174895,0.324001636047398,0.3151127614894428,0.3544923058853182,0.2786549398974693,0.28349545363477013,0.3184240844114715,0.302693743680787,0.29437294057316643,0.366398351375572,0.06440359098034121,0.420026345990123,0.37203677031367477,0.34972036580605037,0.37125162460555716,0.3042549462124816,0.32386388403753974,0.3072088851399265,0.3212764376308861,0.32469750587495694,0.07017121230056217,0.3269535709728911,0.39635321739414026,0.42317516279746603,0.30033194019158216,0.2961812192069745,0.3290354910754109,0.3547643659857993,0.40709067693356316,0.3828038086769723,0.16826911451420487,0.34670771906977366,0.33067011134353586,0.3435192134495204,0.32076531428914884,0.34647708405234123,0.3079521455634422,0.2869963822544637,0.2760081330215648,0.30710804504831135,0.06140336387182352,0.26135013648812505,0.31373263891556274,0.2873281081823444,0.33267831838718803,0.2856931467437772,0.33440370665033414,0.3642625180770004,0.36910744858620287,0.3556396242916253,0.039182035768172765,0.29650985942019004,0.28723713069396484,0.34377365563722034,0.3488225599134616,0.32730991658685826,0.33473964891080044,0.3022925777036934,0.32169821781518015,0.36759784795039807,0.15579856645461365
0.05041373818002991,0.10836685633162044,0.06677568366812667,0.12344376714947448,0.17835424688776486,0.12792696950004084,0.25294857586969877,0.10909171585262903,0.33086898165987033,0.11917916202400244,0.39632053141012347,0.4612473110596217,0.4358217483231661,0.438050489848674,0.4218687134635754,0.6163701806311392,0.6573501703247682,0.9999999999999991,0.7142694582126234,0.38097024127463847,0.7039235845047036,0.6681700364713236,0.6283332554855876,0.6119784102259509,0.4858337509571884,0.5488814080202461,0.4907316121005777,0.49501415553392114,0.48730751157692076,0.5422725658403165,0.6047836816949459,0.47437101002388693,0.4501073819219312,0.4454785322995043,0.4661447082045005,0.43970848003888785,0.48378200661864595,0.45207399994903563,0.5006613363966037,0.3062071212048104,0.40803330729524423,0.4021579364220928,0.39715454857808064,0.4243776505712671,0.40474873259696587,0.39352077456297296,0.3645380903260671,0.41250153522767824,0.4747404014182356,-0.014344701139954405,0.48708538090739933,0.44160008475394064,0.429729165788656,0.42690400559158087,0.42046982325535764,0.430050061368934,0.4544281196952811,0.3944155935472691,0.46598046247621083,0.07621858815025298,0.36263494920292294,0.4648716045307876,0.43200514646068144,0.4101167702365591,0.3878599967104851,0.4263514920573158,0.43095341736374704,0.5123156868537803,0.4466849858189324,0.22073420347729206,0.3287183837590733,0.36202853188504247,0.37892445766269944,0.3987696250440458,0.3841905270407371,0.41545294893843665,0.3638961465228573,0.38734457078797035,0.3559634530395418,0.05839781424402143,0.32362812593209955,0.33487900920286584,0.37203653002105785,0.34530626968261613,0.35810732391155836,0.40667021661556096,0.4337079243146235,0.387883329401777,0.43798096521142776,0.031617790821223714,0.33860434397338207,0.33921315946404673,0.3182995772623607,0.37835366016636823,0.35804096080733155,0.3498138552630933,0.31942631835782614,0.38959381752890876,0.389860717390146,0.18977414407758753
0.020913451426651086,0.14350890164448415,0.1334877802151918,0.13263353449129392,0.13863510911807936,0.13101969609088526,0.27447993404899407,0.3931467061468412,0.31526732482835246,0.28805768974084667,0.3524853930042589,0.3699182831479832,0.4082642343954163,0.3951122459937233,0.4142154991164746,0.5472078989616763,0.6035606611274512,0.7142694582126234,0.9999999999999977,0.7956511706638452,0.5856534291388427,0.592000160672129,0.5959844161004956,0.5418471460026263,0.431283351857487,0.46175793802916903,0.4521427725812734,0.44623024950317963,0.4833401281996325,0.4225568458335017,0.5377885338374827,0.4126185425876001,0.38006035192688514,0.43651706067319257,0.42378686314177894,0.43247706140630765,0.4241603770429266,0.45802119159202204,0.4660966284608712,0.27172995657569954,0.39014841753699186,0.3398908140962347,0.36866584032388894,0.32211615322218456,0.38119097579745703,0.34471200935378987,0.34929485215756695,0.3573776647988045,0.4344369340544725,0.31980320211375496,0.48460350998141105,0.40757572569100164,0.3646914108513852,0.418672533653407,0.37714793478739417,0.3929864581838587,0.37082559038245355,0.39849969307808325,0.3968661699561721,0.063290100284416,0.31748580303588236,0.4025655903393136,0.44306377628122007,0.3623729540508925,0.3497896655280657,0.3833185764115862,0.39454356481745134,0.4181884767827425,0.41377600544113285,0.1628787730084236,0.36360192519351675,0.3333266232327004,0.37744197124628587,0.34571781633677057,0.3614707431063136,0.3513094594618613,0.33827667434425207,0.37502758483773824,0.3584227196055483,0.3387575552212257,0.2851241781575742,0.3355071916580076,0.3327751446399271,0.32778010001965124,0.33280764064485036,0.34705280865129856,0.3973127071357069,0.3911626659351139,0.3567906456646811,0.34316196941564364,0.30219710480402273,0.2950182931210925,0.3228484402823878,0.35252137645753967,0.32789013475426454,0.3613538352675407,0.3536303965236447,0.3020757647849006,0.35684572533634284,0.15219991811534075
0.1523195748392553,0.06849997651937259,0.129693879829195,0.08523250430956764,0.06610727962945039,0.07088228110647099,0.04451792537600765,0.2561055666794789,0.11996436662569265,0.08205632239995786,0.1004911026957692,0.09702453010554007,0.3276872445787731,0.07925453623973955,0.20452598937530259,0.29856419816107893,0.33237391253894505,0.3896878631747201,0.7956511706638452,0.9999999999999998,0.4394316384451742,0.35437584179860737,0.30122599369408987,0.33529963532553614,0.24052485077122007,0.354338544410437,0.30796368300813703,0.3316705264923918,0.11024470227371888,0.05071599325441427,0.2761444007908273,0.16300804440551603,0.18191798589853675,0.1935781790687601,0.16804120571646977,0.15375332209335277,0.2811240654103883,0.12936457780184207,0.26058330704349236,0.007850344231540185,0.18173471458535068,0.26039735872880904,0.1716159616693328,0.16837466049964134,0.16078917943548374,0.1630484493312447,0.18174072126521928,0.20090673807549336,0.27523048886648493,0.2518292174464899,0.19744507553877783,0.1533895604020039,0.20217181697375736,0.16077747104676443,0.33881042520316257,0.20243348676453188,0.27745343873442885,0.18846323637048368,0.36797424746965957,0.1355289016473192,0.23737943053918278,0.19368123558219924,0.0938196992257248,0.19171025448319623,0.18029430120335538,0.1657444663181855,0.17685906157338446,0.3718189973250258,0.315916538056484,0.09544403401508501,0.18207717580133104,0.1805318048418544,0.21311925560460426,0.14878999265702697,0.15569473296790928,0.19000709628390872,0.16960378518328248,0.15399885341410116,0.2035157103657158,0.17992463465534214,0.1318855381969535,0.23590216434474845,0.3461886781003316,0.10717195320898389,0.17142902029655746,0.134373623530731,0.292409979720803,0.2543660089575308,0.41725933416914834,0.22829755695983128,0.18362358685799363,0.2200038190126038,0.19759040493231023,0.18754957392258698,0.29674298926279774,0.1579539661107956,0.1606529010269001,0.18385963528987384,0.27938900157805396,0.18253727290516228
