1.0,0.1488315463457818,0.19116497452357034,0.10010717452042808,0.03149711782041513,-0.01766446460767328,0.00763678822453827,0.023988913205463223,0.009795142947051501,0.07558230901646365,0.031006957019900045,0.018366539969535106,0.04976246731339442,-0.034804135877652576,0.037547707539153,0.03160937999338944,0.044973234209785454,-0.007570990735018981,-0.013119422602636236,0.07756690371505098,-0.02302999548314533,-0.03034193445842216,0.038573931011543224,-0.039057845671937194,0.003933146243102624,0.028513237316922825,-0.01792344657440752,0.04786825216279268,0.030247004691672928,-0.02847673645606726,0.023910173690012644,0.0658510955974258,-0.024678198246128404,0.01730122397147088,-0.0021634002557240494,0.004394444700472505,0.009303501020753672,-0.020525461250135723,-0.07517560959740731,0.09683542761900776,0.024552527844985527,0.0014860785424901397,0.1107518365599036,-0.04110569507425931,-0.03932273246456898,-0.01852276632430856,0.017384883926856897,0.012691173809857025,-0.046071100301571105,-0.02497298675430258,0.07789560153798131,0.014156075205918307,0.018429260894963297,-0.0054997954261532915,0.00873095199770777,-0.05280623283110025,-0.025674510146163315,-0.026011749677832333,0.030706447753156674,0.015713382009673434,0.11408521399846978,-0.035356166076624805,0.010810651221788932,-0.04468163033218038,0.07651911379009842,-0.0022303074707903867,0.08670448178752001,-0.012010759923535437,-0.0012251224990090987,0.05858842419706622,0.01430551138123564,-0.009867692650882958,-0.00505671024000776,0.06627797978798869,0.024564059920886654,-0.009378606707176013,-0.05807709758208297,0.028992672550135597,0.015814030052723974,0.078631245651127,0.07388864234412727,-0.007034425310984157,0.04576765377545149,0.026930216933815438,0.023077344088587054,0.018530662970118073,0.04392558902277576,0.021235037747787174,0.013837761978331255,0.030376231136617124,-0.0017730524970907748,-0.00521292600580928,0.06307454003743072,0.0526033656139867,0.002969950049630123,0.10455219148474469,0.05379884242174375,-0.03811970376195273,0.05926351248069994,0.06778254305940018
0.1488315463457818,0.9999999999999997,0.29743641575827107,0.22980137575467044,0.09597592988728942,0.03915463486506851,0.07667858024966767,0.03740114420317724,0.032886201078411795,0.012229828823773558,0.13772450151768004,0.04693758474636293,0.015409658701903957,0.08669452306427995,0.026224916079861774,0.041233477634560735,0.07259210946534775,0.07084181872143196,0.08259640011113825,-0.006124859950414033,0.09058261321655275,0.04260439938651963,0.14370914585982375,-0.0020100793461267663,0.02901734656408055,0.027869745231466885,0.0948201648373996,0.07110787600751735,0.060589548129330255,0.11546806976625351,0.022610433739658466,0.08437841261814827,-0.0028019876311148333,0.09012616688271081,0.1848510534964604,0.1172087333162654,0.028719143371725434,0.08812848387284021,0.039683903770955785,0.22011327873064093,0.08865928529488773,0.10316040312259835,0.08355580974925868,0.0038247029941882002,0.055900210619897736,0.07720228107987513,0.14213762654027629,0.033575657169535596,0.07078220985049039,0.0032474748355202717,0.18483904931289233,0.03483629044173041,0.1297588332891174,-0.0007742454816704101,0.08021278945215447,0.029435573335115532,0.07892740556195481,0.0386135937657873,0.04967728682119221,0.13445714134976902,0.3261521734668039,0.03780071297488047,0.02673307151664234,0.0352930427006882,0.0058970314518028925,0.0488534263978994,0.026919872617294602,0.043426687982924914,0.03786398013198892,0.0915855267638974,0.07925077946587127,0.035811335730452545,0.10175683789355223,0.043136061865386904,0.1397864799054477,0.027480380712573416,0.05798619246323311,0.007676959062335771,0.07687341061049124,0.06793646323727587,0.07067741625190097,0.041986673203824855,0.08979066969412022,0.07444680834969374,0.011409534091251124,0.10430933356394916,0.02755532816135138,0.058012071921793223,0.051729656792540706,0.06677966438433976,0.04585144783734009,0.029234042167427702,0.04790587340757951,0.21258381428669892,0.03975736874194837,0.10590192423324819,0.08631714895619903,0.03988984044884548,0.03633798276776917,0.2145649800076188
0.19116497452357034,0.29743641575827107,1.0,0.2198634661350492,0.08941924315004358,0.09088843781271269,0.05721517976086024,0.17976987782015405,0.08191749202013704,0.06609965081705499,0.0266740209077809,0.05336321592738934,0.033791992056902864,0.09943567063325381,0.06232317975587558,0.09070572975751126,0.059161604897124624,0.05523959314522718,0.035631828147766983,0.09358348365505617,0.07933322612833145,0.07370743535540439,0.08254342860812168,0.030514956949196363,0.09458900936477652,0.0478723194654993,0.031986471381151925,0.035708635136320825,0.02723274287656164,0.11320010716527029,0.08988827636283811,0.09603657196361069,0.079346362610508,0.07512536609988714,0.15216875407333008,0.03231859470885601,0.07989352757315464,0.0675860894748741,0.09773829030892989,0.1678100565117744,0.0530360663193783,0.05341679482777113,0.0939899850469508,0.05860890346438147,0.015108360687553304,0.04706487226142398,0.054867263431062005,0.059696133481361886,0.07834920767085331,0.0638252228480247,0.10780256367619437,0.12559248588867397,0.063898028848974,0.059381855628192766,0.06032244356098438,0.06761803672305212,0.0783269882296935,0.0708665443143936,0.033820047390529275,-0.015876024059124347,0.1812166836968858,0.03993423414052183,0.05662105447701953,0.080500861119554,0.038196736066885,0.11120909596062929,0.06997771325103096,0.0463027808399089,0.02809116005907123,0.22141902520726395,0.09305219700873882,0.10355972841027418,0.09471079968096222,0.10991251106390039,0.10418425383737151,0.06638937250400596,0.015945355105851097,0.07176760111673694,0.06905710008103223,0.03808687442058698,0.03534219714802066,0.11782625426226119,0.05315541057673671,0.13199219968651688,0.0711003292722152,0.09663558081145508,0.09849029780628916,0.06744431333644972,-0.012711522508663732,0.08613204822456692,0.08579873952614507,0.11462066779628916,0.04548190171009327,0.09157449505297398,0.09601404135875229,0.12864009998373668,0.0542297951277188,0.019192092608389926,-0.018111187166819573,0.16943762513021887
0.10010717452042808,0.22980137575467044,0.2198634661350492,1.0,0.20875319192938627,0.04041146443166978,0.07580837473614603,0.08019067497322063,0.039969646335795826,0.03469768547018426,0.10332566560544636,0.04938110201300434,0.13306840982689136,0.16876239287281747,0.1109634868958425,0.1648337504778107,0.06199168721488826,0.027609502509426145,0.11985881819269913,0.08697903664357647,0.11841283934829427,0.04151794243759795,0.19696643304323277,0.051351530183839346,0.10950667394991175,0.022004796554545528,0.18141028995818254,0.05300672187922046,0.0737174301816002,0.14004067391948966,0.009390877598075708,0.038256309153375745,0.02423235131977905,0.05238846598028522,0.168700686785182,0.0349277996729112,0.06926789977160851,0.09073003537007926,0.026345900124023783,0.21514773372546944,0.14382860526237531,0.06184456492390697,0.07309063591223514,0.0846270695234762,0.04823832355978113,0.09713726127646546,0.1353941736412606,0.02464071011734337,0.05627982817482589,0.06297475360479468,0.2555188723505915,0.12322641992189541,0.1257098658292984,0.08130441128334183,0.10696953202655209,0.027074784825819546,0.05946032466413533,0.07631877293133327,0.02642901220967066,0.0742654214548232,0.31446508384694183,0.03982475862494055,0.15432576303132653,0.08476842363533314,0.04789929604348912,0.09870923485555837,0.07416807757521171,0.07019079217857432,0.033348944157621775,-0.031075342549851545,0.09635045170606582,0.06541398630318757,0.09017956646385544,0.02581488740953249,0.09580916617480381,0.05764048408779304,0.032003293108527876,0.0020663363835677385,0.08208261648399458,0.018085086787727155,0.03221665111142006,0.13059614135765643,0.06277018846561147,0.011155134429683055,0.09767888244768051,0.034191312815639995,0.026842995169965803,0.017331741144910765,0.018491345438233473,0.08714450617943457,0.0013370692589470038,0.06910347640186898,0.02458914508351564,0.1202504004858392,0.013574929823585888,0.11189729746211276,0.12235693779192584,0.05043529422105059,0.1182900700874746,0.15619801025798857
0.03149711782041513,0.09597592988728942,0.08941924315004358,0.20875319192938627,0.9999999999999982,0.06602552823107587,0.30289482041739885,0.026025454960288942,0.25628583294605706,0.017236672846072852,0.15272265891097975,0.19474796262722563,0.1990967258959382,0.20293862520408645,0.19390572095941766,0.1876806411693159,0.12868025919414386,0.15436385951217776,0.07966464732299611,0.02091347543209467,0.12459378855564474,0.11463949519805712,0.1131913477141241,0.047248525510029574,0.10328057903960124,0.11470678702726154,0.14851489775772594,0.07268528773545592,0.13488075219108486,0.09477413161124448,0.016258196133168656,0.07901498342469616,0.06911922652792707,0.12067305215537702,0.08210777203326595,0.13762318455140263,0.1138869711699001,0.12185271317406206,0.1437716255679687,0.20287004511929813,0.10096998319697795,0.07668683612624028,0.05228858891551408,0.0683108568335439,0.11599411750944268,0.07029667225372926,0.11745875250434439,0.11720574234786606,0.13670536962658486,0.05255045356021925,0.0324541404164666,0.032551722079859964,0.057935144344883144,0.13896038454447684,0.10164163629610751,0.05769261082234426,0.10095190123258355,0.060805814332843613,0.13846986287128724,0.02734858887147207,0.17850862785513946,0.04542705411504555,0.061266404824870925,0.03203738408941138,0.03954103227203198,0.15833691515383935,0.05813012476155271,0.0571229934143416,0.09670072878397488,0.07272046319501096,0.07382321200595296,0.06236288990367806,0.09371791150186334,0.053971442787321716,0.10922436694317386,0.08607537614525451,0.0813037906485203,0.07192664375584719,0.11871462022993169,0.055417540328050116,0.08701761767815991,0.04584091790392435,0.14995392936441784,0.03846148472494951,0.05765353463620397,0.12118434860940654,0.13012403382678198,0.07829381191100548,0.10100623733031215,-0.007257057769963824,0.07265762332351566,0.028865798662593024,0.10390287153798591,0.12611305486904467,0.06970690778495502,0.07472059186806942,0.06333699077493068,0.08893151695820811,0.11379858217448814,0.12304188681959403
-0.01766446460767328,0.03915463486506851,0.09088843781271269,0.04041146443166978,0.06602552823107587,1.0,0.08024241386444324,0.10964744599486112,0.056435354542662436,0.10126062051798371,0.06002262831737518,0.05054002863825757,0.06327708761366097,0.08845280902013675,0.08452261329420634,0.05008852683733591,0.027667641521672764,0.10440752449601011,0.089365625202795,-0.0014845599710450288,0.04838926718945088,0.02334257525734319,0.028518862536400763,0.07121331041816949,0.06900086225615129,0.025647878374983623,0.048909653256931265,0.04135882982548018,0.09033242497956125,0.06951603415224461,0.09161348874834568,0.020326820082515934,0.10921226152919998,0.07851855369399671,0.039455269052740945,0.01565532947943482,0.09922670567389799,0.01214565158810179,0.04225514901166109,0.12986342393135544,0.04709035060180412,0.16201886753548342,0.02161954342688152,0.11190866538897852,0.04253423561799872,0.09008175251899761,0.10674866336133633,0.09509667263415579,0.062447903682305045,0.1750860137690146,0.06698188938166115,0.04841694817972658,0.01957054313596518,0.035137236243831985,0.11773591119168163,0.08737521272171701,0.06575622297319429,0.06566169870119032,0.05347993159028653,0.03414452380311112,0.1703683490583602,0.12310361303515718,0.027298112549887767,0.16373296274155325,0.1352795718999745,0.11525736018077028,0.08019743928205461,0.11837956198708917,0.00863225931822698,0.03521227253556515,0.12477275505176365,0.14585643908310394,0.07180894149206524,0.04903145121509459,0.023601627221737326,0.11196928648131411,0.09354916069518891,0.06398840672426628,0.08920943976249313,0.11583111981273628,0.03671433434568684,0.13958865522436067,0.07369129758034518,0.12677915284717764,0.07534596118558233,0.07394582987938159,0.11821625170054795,0.08091796949414404,0.08829214164235838,0.08775045425004893,0.15017873952229127,0.14800961522169995,0.1035446165478769,0.0805705648969255,0.030896931559819065,0.06562197082528476,0.07900056040039159,0.09707290880670193,0.057627263511406554,0.01649700707651789
0.00763678822453827,0.07667858024966767,0.07372944509071323,0.07580837473614603,0.30289482041739885,0.08024241386444324,1.0,0.04309028200495639,0.4700319521919406,0.0636012587131728,0.32685972283481757,0.3415330685453875,0.3624824198255125,0.4476735371747554,0.3443252879074946,0.2577145479377032,0.27703557681972657,0.1998025525797526,0.2276393369991225,0.04638124035538528,0.26930009568357705,0.19414284768600193,0.19884179776156619,0.14575523423675274,0.1666599195874096,0.11647067720179251,0.18927690971659544,0.20506262255124472,0.15615822347684477,0.13263560278626083,0.10951206673713942,0.102146165197434,0.08365983445686177,0.17269265074606566,0.14560559141687662,0.18612936930643156,0.19276252563589663,0.14098420892922997,0.1584851862916597,0.17839677426035438,0.19796320019009284,0.18150619565575096,0.12240850060677122,0.15050323713807506,0.15348890372924273,0.13337394622183504,0.16081840320066892,0.14938887043775545,0.1802242058040967,0.03203889401606721,0.06612270998304899,0.20289085731397416,0.12579139517777943,0.18554612447655364,0.24643215380225253,0.14210741676122887,0.17730652011611106,0.1690804695223118,0.14866600068234131,0.05654317113166191,0.22041759888694695,0.1792782138265578,0.03512382366711517,0.13735862203912605,0.12717119599625643,0.21200100168945982,0.13468508949496483,0.14436417775345242,0.16578278057851334,0.010464440393558918,0.1735594750888095,0.12293569313816528,0.18711331392967623,0.11891225125353119,0.15855694520130295,0.13100898371276812,0.14510857118432238,0.15075696695600188,0.1438698406180196,0.10549098704154117,0.17608500168489896,0.10170871205361738,0.15909204098044777,0.16546412822173387,0.14256298132125944,0.21698879016637682,0.10497621487821943,0.16827942777603702,0.14499842978320931,0.0588999251562111,0.17531273617639037,0.07532174414559589,0.1826644498109505,0.16975853534611815,0.13843919364277307,0.14267407656726233,0.19027237062706304,0.14053184472794744,0.15532417992487285,0.0010157796828077484
0.023988913205463223,0.03740114420317724,0.17976987782015405,0.08019067497322063,0.026025454960288942,0.10964744599486112,0.04309028200495639,0.9999999999999998,0.04329128785676817,0.09008041778050518,0.06270612112351336,0.1426115306221124,0.13531133632168138,-0.010997765760816625,0.12034179266664728,0.07630203244825509,0.10091731091433767,0.16920659072296795,0.08991968840950516,0.10978130962874708,0.1266657347949507,0.04750946648528002,0.0465460673499671,0.06218674560443973,0.1476911315641907,0.05619306673117577,0.040754248005078764,0.1062927431312089,0.14511572484218443,0.10136494247338668,0.07456659029753596,-0.004805675642815868,0.05237472784892613,0.030742059694202503,0.22624265919099848,0.16597062083493164,0.2668167125365748,0.2463837185083543,-0.06003677940889155,0.20870966998934862,0.030608757848538965,0.13737215207619774,0.019976993213587757,0.10774355622188261,0.040528696535725287,-5.5700676234178035e-05,0.07017574138380894,0.1315657400907304,0.09739510683969176,0.05238370927981442,0.12977930014760727,0.10761203982625347,0.19065560398717987,0.14727939247032362,0.017826814863036042,-0.02254288749856849,0.25135858268770966,0.20856128437337781,0.046315676514907374,0.05704158754358211,0.3886145829166166,0.26253636194412666,0.022761198035868596,0.12538264730375398,0.14141352999415405,0.030532719856672826,0.03990477289324387,0.12966582897260298,0.18836199033277454,0.16826202186725533,0.2131162692500042,0.04161757751126968,0.013170755818355907,0.03226830658308684,0.007062524908300922,0.05376960932075558,0.19258370794677393,0.20391199787311137,0.13487520726751395,0.14334383459810757,0.06770919892165295,0.006864047732366666,0.045725795861540186,0.040823810032715624,0.1327234381507743,0.039638022317597506,0.048284744878845993,0.0413264201368973,0.21558871745075062,0.13767702933604903,0.036150970652982346,0.07234803547363122,0.007605688825393555,0.2794984280859407,0.07027224286266655,0.22705104347347957,0.009064482580950944,0.14817174145432147,0.031030743125773436,-0.0010739817342757592
0.009795142947051501,0.032886201078411795,0.08191749202013704,0.039969646335795826,0.25628583294605706,0.056435354542662436,0.4700319521919406,0.04329128785676817,0.9999999999999991,0.08309486924639917,0.5598203576349352,0.4771442651200589,0.5576755095835243,0.5653335838412741,0.5219125714155055,0.368825780220973,0.4402587481240234,0.3655318268572081,0.25902167962236816,0.058600973778139304,0.2744402554200749,0.3349238325719302,0.2696834780127088,0.24302997173698504,0.15009657132890356,0.12974556216371944,0.14468420404329008,0.17469332317980704,0.22641962282753364,0.09430519607370726,0.22479238873215662,0.1369898127018869,0.12127443076468492,0.15735585052304754,0.16969703807316144,0.13554600599886246,0.18691450655746383,0.19099250772531362,0.15451711507586702,0.13174999356071562,0.15951513360955533,0.21219755277968833,0.10109910146495708,0.16182449032249038,0.18088448116404582,0.16588607034902558,0.18110214511872927,0.1610399274842098,0.11768638807604019,-0.018262706931692373,0.14690670714343304,0.14130388288702356,0.13939847651880558,0.17767559242544292,0.2067416500767807,0.21035859708314733,0.17863338786608013,0.17355461177527254,0.13887449181971176,0.052058360911295704,0.15130016080295375,0.14856537108948184,0.07134506186038925,0.12348469966930714,0.15658977638527913,0.18387716429802162,0.17873453894572133,0.13480919328322385,0.16859944106476016,0.11798613725278123,0.16362973458435892,0.07142081571924203,0.18799804767025124,0.11756932239563411,0.144384150101688,0.15025108283760963,0.17282228836675895,0.1721452354589529,0.18208688700049708,9.979862542245059e-05,0.1583471416882201,0.13731989871110076,0.11796084502160649,0.11690593728406568,0.15217170611398934,0.21019844454493383,0.1830770411692373,0.15366412702634094,0.14705711952900744,0.05849057008054279,0.14348685746674275,0.10789262911912022,0.14914379633507685,0.13748806720130746,0.16505442258094882,0.14403319501884693,0.18018483421839068,0.16435933032229577,0.18802344305187735,0.03326075145891731
0.07558230901646365,0.012229828823773558,0.06609965081705499,0.03469768547018426,0.017236672846072852,0.10126062051798371,0.0636012587131728,0.09008041778050518,0.08309486924639917,0.9999999999999993,0.06826605373725722,0.0733144203692273,0.0323205533580522,0.1247397577581954,0.04057016024820386,0.1036179766288397,0.1929184660730921,0.06906846114087517,0.12761176729770152,0.0149270554312111,0.01870428301871542,0.03805027867399675,0.07401223640704935,0.10268659692568256,0.010248928490749345,0.07662319901280853,0.11240802600580475,0.17655100328839668,0.12230935612264586,0.09142448185803559,0.033768610155386826,0.10186997707400713,-0.00880992427961326,0.10988781339362137,0.052156858358036996,0.10285804032243133,0.08363095941975576,0.0688013200259827,0.18350120391282942,0.05704502371809377,0.05139800984228722,0.09527430672193321,0.08579024767122365,0.11262667642941125,0.12309519655049334,-0.030697344596086293,0.1681944709220682,0.09276170480080831,0.057938658492900856,0.13002724532074234,0.021008988381943407,0.08016819420821832,0.0928437106203649,0.14906055419142356,0.08467216777146397,0.07944668002000613,0.18332521122631548,0.04632593669227914,0.10880306870933595,0.04141868793064234,0.22776313935989476,0.09121391944066475,0.26065812042122904,-0.025256878481885396,0.01648946126927245,0.1214381966563399,0.07829016394211395,0.12020653180744155,0.05100876436939455,0.06630088583192104,0.0772396276970641,0.003354396839836553,0.10265306013355732,0.07939814075472035,0.10201895577492531,0.04853381567050669,0.13595100430431278,0.15441476066366447,0.09185906519086547,0.10336719306421571,0.1135744385370119,0.2103284022471198,0.12901453159903603,0.030916787523248095,0.09254622872938313,0.08377394320348744,0.1050376873974377,0.10047238823798048,0.02867457608165466,0.038960230612012724,0.09825413754991683,0.009730716515986608,0.07430999186580352,0.099379429939735,0.08628292842196245,0.03696838668374702,0.10339187398730512,0.12053569965934476,0.13243792975687746,0.15229782401262335
0.031006957019900045,0.13772450151768004,0.0266740209077809,0.10332566560544636,0.14610917920915484,0.06002262831737518,0.32685972283481757,0.06270612112351336,0.5598203576349352,0.06826605373725722,0.9999999999999988,0.5928277800667334,0.575816062742472,0.5922664589438974,0.5900889743927586,0.5267076589805781,0.4813235915826062,0.41997840460463187,0.32788354320305496,0.08793619255380788,0.3983580776980537,0.4230129505406038,0.387966071229386,0.3155062123136363,0.26240725258977693,0.2313431388320963,0.23640526479122353,0.301040375696973,0.29219782434026764,0.25507388697759115,0.3305963578242898,0.22466751708944457,0.20117708024031172,0.2553093169597827,0.22677280725765003,0.14163263449402977,0.19773629201003945,0.15722932348008622,0.23465699144301413,0.16255514451121447,0.20397511530666104,0.23742936126309128,0.16376039576094248,0.18127780970148796,0.15679726835445476,0.16464523523902763,0.15500364081170118,0.1380785749166045,0.2535564792503094,0.018850208178179576,0.2587110931897853,0.21229746034307206,0.19966518349598686,0.21791300742084424,0.181773096071597,0.21745616618950228,0.17868652042392785,0.13828155110981186,0.19174436713313356,-0.021287907266827156,0.2035583243753762,0.28216931204724144,0.18329852511992697,0.18633308743692856,0.16963092813295336,0.1534321918995911,0.1825367879575339,0.18705578118247335,0.15948408963881514,0.14130350500485053,0.167905441257462,0.17114725188707902,0.15722523944091876,0.1697215855312072,0.20098198696313518,0.1722967426235581,0.2044897754621224,0.16672197365901106,0.1645890191803062,0.10760723772518245,0.1512837573898824,0.18871966243904922,0.2052913804460393,0.18221353785995092,0.17810072921838774,0.21636065723580747,0.22961343162450762,0.2345125422323664,0.20497398243581968,0.0197724208946477,0.22788902115748588,0.1408856740197416,0.16406341270164804,0.18244083308472644,0.21795673920027087,0.16226477125404612,0.20650717292023288,0.141134482012718,0.2372627633949898,0.05094462279390031
0.018366539969535106,0.04693758474636293,0.05336321592738934,0.04938110201300434,0.19474796262722563,0.05054002863825757,0.3415330685453875,0.1426115306221124,0.4771442651200589,0.0733144203692273,0.5928277800667334,1.0,0.6172266247263143,0.6059306886037024,0.6452771372352298,0.5584253309486227,0.5773722912113182,0.5135768861520241,0.40568603381201157,0.06355711593303663,0.5195067889451536,0.5029398833152111,0.4434447601783672,0.4118943713769012,0.4024379673114236,0.3475332372211115,0.2806286450298448,0.3588355797981044,0.37223288335319116,0.3912912182643077,0.3968807149029781,0.2949734850146797,0.29112440109063753,0.2923138441042133,0.317546824269477,0.25403417422519947,0.30124683851059914,0.34249471836718326,0.24500569808330688,0.15854821307022737,0.22904876456646192,0.24507021921548938,0.2755354349073754,0.21619973303138124,0.2257259442040812,0.23433912544974245,0.2425970041086029,0.21694596490633314,0.3067247294123337,0.04753044161137266,0.2643112481270729,0.21400122313413103,0.23921933615857077,0.22550825100735766,0.23467857646962567,0.27317700382148596,0.21801566161206914,0.2694073961725304,0.26091883391418236,0.05611625723370332,0.25322754285782845,0.32303037735635187,0.19063144738385845,0.22152341339668027,0.25687861040133764,0.2432018180725025,0.2664660594758835,0.29612485639607267,0.31318665523758915,0.13654649869947005,0.20044939575201812,0.24900364764705077,0.25268119201936773,0.23593872817807027,0.24641051612237286,0.24230067524147644,0.20789438189418963,0.20590231653781071,0.1630604295730454,0.09727438832218527,0.17744223390429048,0.19178278102819343,0.21574890306691222,0.20169355099275021,0.2516790409442431,0.2937866642998029,0.2944616826117695,0.2542091508596189,0.3453840335011722,0.03652694984386261,0.22345492174816634,0.2131334156012927,0.17726754136654246,0.2044491996465413,0.23965579053647101,0.23083460491186833,0.21049334414510537,0.27280034319241026,0.24350325807860806,0.09535527210530631
0.04976246731339442,0.015409658701903957,0.033791992056902864,0.13306840982689136,0.1990967258959382,0.06327708761366097,0.3624824198255125,0.13531133632168138,0.5576755095835243,0.0323205533580522,0.575816062742472,0.6172266247263143,1.0,0.6829043332374545,0.6739744995813018,0.5953693381306727,0.45866658648416325,0.4065105043999013,0.3338509728276536,0.042020384192194914,0.4375689217135472,0.4150326747924482,0.42856389254102356,0.28258121937604774,0.3122527611700402,0.23218642701304948,0.2484820141710336,0.28387090932271636,0.3109852129817051,0.3553846884339257,0.27061916389315854,0.24408198441168186,0.18854179237848293,0.22313487494922968,0.3637420395426922,0.2106999880035811,0.1558693919426514,0.2807455635204842,0.22971162031460166,0.2406848167446301,0.21216043609512905,0.18141622663207446,0.19299651983553234,0.1314558143326525,0.1534726621247759,0.1281803740283097,0.21305866419037006,0.178369080633887,0.19429272875977388,0.04925930992159311,0.36800785194714847,0.22633329681556683,0.28499076188485584,0.1929491603205183,0.19941413470688113,0.1808075372651881,0.17740885960216685,0.14996740515074572,0.17289977294989478,0.06219086200955132,0.3743799100448422,0.24068497361483168,0.22379669239762598,0.17184446144289864,0.16271206027258187,0.20154248150300724,0.2070663520310136,0.20269578749285735,0.11856632994458219,0.1189609623902598,0.15936606848095716,0.16850284193312118,0.1813454502307889,0.15500767690376063,0.20548007620473022,0.14863861260851594,0.17492644118201736,0.12112600961336123,0.18580592891855177,0.06454792618834339,0.14320307565645196,0.16641425149417127,0.16606730904158767,0.17074452716583197,0.1636806277495304,0.20038546273092825,0.22862285323877715,0.2363235830458806,0.19284055381883988,0.06207329591707238,0.1910545101441026,0.16707184640601278,0.16643672437197296,0.2281191684124043,0.15282712684680497,0.18704064895583,0.1541737000963205,0.17282757139333813,0.20961356700422856,0.22195483868872284
-0.034804135877652576,0.08669452306427995,0.09943567063325381,0.16876239287281747,0.20293862520408645,0.08845280902013675,0.4476735371747554,-0.010997765760816625,0.5653335838412741,0.1247397577581954,0.5922664589438974,0.6059306886037024,0.6829043332374545,1.0,0.6218962983951932,0.5400518783256685,0.46287707659472,0.3897803251134097,0.3258938347913831,-0.005829507242084808,0.4331806980867548,0.4273030354970538,0.4262446099417906,0.322411743261234,0.3293778058037594,0.21319951013971813,0.22167968300826066,0.24572115443017323,0.3576539699298218,0.4591545453963852,0.3198920459527092,0.24947631144701346,0.17716407092983766,0.20667348430034146,0.27706860831448143,0.17990366378398476,0.18177266252305427,0.2381781404670614,0.16760237775143755,0.19307863443406445,0.1824917938063941,0.17337897403784544,0.19240663811246977,0.19374577702966322,0.20153235805715505,0.21941491776212058,0.20349451444432248,0.19173075167020098,0.16934858508086162,-0.00495126500214557,0.2941048234708486,0.25336464986128276,0.21531820177638908,0.21117788505245258,0.1627813665341841,0.20397304251542045,0.19665058174104816,0.14843471940051325,0.17332765231635452,0.06251425622586697,0.2964023973159873,0.21479780225026307,0.2243557795417514,0.1590496048325542,0.15199446468782818,0.20911820943942372,0.13301433172532118,0.18483520379097132,0.16797399505635865,0.10799764882731021,0.1514662299441725,0.11976555946803402,0.18919656652626823,0.12030677680777875,0.2068140266762511,0.14993431928814388,0.19905852271490315,0.19095822554841474,0.17251171090875614,0.06359209654723569,0.16912445024531012,0.18289633537277197,0.14909034655376918,0.1532502933375022,0.14981355912795935,0.20669294283655795,0.20487678453605757,0.27388766949216614,0.18877596607564098,0.07451237234247605,0.1330680807323998,0.10939884123162666,0.16863117154236232,0.19581468922698206,0.23228253953271089,0.2333801999295111,0.21499641236939482,0.14463706684578717,0.23579301993853535,-0.00844546745826434
0.037547707539153,0.026224916079861774,0.06232317975587558,0.1109634868958425,0.19390572095941766,0.08452261329420634,0.3443252879074946,0.12034179266664728,0.5219125714155055,0.04057016024820386,0.5900889743927586,0.6452771372352298,0.6739744995813018,0.6218962983951932,1.0,0.5659378427516616,0.534572707940034,0.3813393741503473,0.3835480942074544,0.03942754172322046,0.4254535570292088,0.43732853215866374,0.40577481404636245,0.3459462085281104,0.3488238365593766,0.2864037932042442,0.3396724232891045,0.3248065179018322,0.31799078172836504,0.3965502704874318,0.3089020463542619,0.3023266826769334,0.19718235874492906,0.2539029388994051,0.28329776654517763,0.26797805860209134,0.22533213264507004,0.17341063139529295,0.20236370436287077,0.2309433924572755,0.18577203795860536,0.24241095771627996,0.1963363625353781,0.17482892156090826,0.19585975907951786,0.19567223418173557,0.20557704495589235,0.19767649487142794,0.22375606988793187,-0.03370116427945309,0.33229997591034593,0.23608507504273432,0.23547009051286302,0.24451949002651505,0.2623046489266395,0.2374043908159228,0.19303166678332584,0.19580571976183306,0.1964959359371678,0.024092410903186687,0.22854226845719514,0.26588516381963023,0.2467865504022636,0.22707492684105318,0.19490171802743617,0.19995943976185346,0.24222577876453733,0.2152179826906994,0.20663652235382657,0.3634630144218866,0.1912423876496377,0.17001205966408353,0.2258391227339339,0.1555646452525703,0.2502064794123902,0.16329040270820128,0.17846746591190366,0.18624120860574783,0.23935456600782043,0.07329819622844097,0.20174665835839134,0.17348623688134715,0.22367426883319982,0.18186699887508848,0.15903177902771687,0.26656925992347474,0.24693285296760642,0.28339646824837494,0.19599094837532996,0.004026998207518682,0.21165599952654923,0.1481458381760662,0.21670078315609428,0.19036461374441196,0.2322279569316027,0.18516359890825496,0.19611015197626497,0.1691469387469975,0.3009456850069045,0.1503242345948989
0.03160937999338944,0.041233477634560735,0.09070572975751126,0.1648337504778107,0.1876806411693159,0.05008852683733591,0.2577145479377032,0.07630203244825509,0.368825780220973,0.1036179766288397,0.5267076589805781,0.5584253309486227,0.5953693381306727,0.5400518783256685,0.5659378427516616,1.0,0.6214129333272387,0.5830036058346005,0.45504792867534716,0.16593781471204386,0.5524210261874225,0.5511845447515283,0.5269159275526408,0.4130572005098779,0.47369256352422534,0.3093387912449506,0.3926738859264388,0.3875324472656831,0.43732464924710207,0.4619262176326468,0.45744836949238005,0.4377361166372914,0.3036240482482497,0.36406400385948295,0.43466651432370873,0.37122245225957545,0.2795093889377211,0.41696116754370216,0.26130706928712333,0.2863368340085548,0.24873324509525743,0.23484899202484236,0.3486314002694717,0.24046674501276227,0.2232290951005585,0.22118155150930796,0.32015135259474437,0.2152244356416413,0.29059974386460935,-0.05370689091469094,0.42431314408884757,0.3416149554858581,0.3651060903353883,0.32320406421240333,0.288307386477217,0.2543204122802475,0.2621565174007289,0.24752836771422812,0.2851830759807217,0.05430189884435199,0.39757396076132506,0.2972286576128812,0.3590638126361091,0.27426515783525035,0.18601484142469027,0.27900070575609015,0.35459940453599964,0.32145677409669476,0.36476256453500916,0.121234793522154,0.2824305720275902,0.21364388861909833,0.3129310556449942,0.2535096326041848,0.33259885499240155,0.26454129833343065,0.23620676062475274,0.2863225624634379,0.32481142160208054,0.08433796074219352,0.2097327050900527,0.3509663733194323,0.27010699861063076,0.2734588912414111,0.1847345091120425,0.34748312511912033,0.2781944612910389,0.37829734283426314,0.29674874248583977,-0.02636065082989332,0.30283961943074184,0.25523531224951984,0.285377597154217,0.36327118545269466,0.380371893455196,0.2941268426665168,0.3272655065737966,0.26148656319543606,0.3430636411865886,0.15731257617309563
0.044973234209785454,0.07259210946534775,0.059161604897124624,0.06199168721488826,0.12868025919414386,0.027667641521672764,0.27703557681972657,0.10091731091433767,0.4402587481240234,0.1929184660730921,0.4813235915826062,0.5773722912113182,0.45866658648416325,0.46287707659472,0.534572707940034,0.6214129333272387,1.0,0.6289180130817932,0.5083680000551813,0.0773544507186742,0.5528852810025786,0.5693346661489703,0.5561601506191781,0.43663902160497126,0.3713729680027713,0.36285900345011596,0.3483428498860897,0.3031531064562326,0.4299256102347238,0.4716473159061064,0.4174199768384526,0.36513050065303565,0.3080474500083041,0.30882446626656745,0.29468409035362875,0.264944442738072,0.3241248002093609,0.3736598431995015,0.28164815031224383,0.2744052447315846,0.2702998840279226,0.25532186310901805,0.26834570423815995,0.21215889337928703,0.266304374797897,0.24999819440890628,0.2592775759972772,0.23955627962684203,0.36276523461644433,-0.049766760966828194,0.38337716624465945,0.3577795764247745,0.3443911632429902,0.31029241367202204,0.2692351652658215,0.31499763504723405,0.256152545473653,0.2652888536857599,0.27778118958411535,-0.0014692647650882608,0.29155215743689405,0.32898199024746894,0.3053818310635196,0.2651636215617359,0.3015193817294093,0.24256221556659519,0.3103609655427132,0.28875671904974215,0.33992024216629846,0.10546558854630515,0.302585944801201,0.3125434008933854,0.24266085997147518,0.25505965364264327,0.23842794310803125,0.24403164970577032,0.24277255573006123,0.22485449791558543,0.2583561362436002,0.061602954306631166,0.09519603318523515,0.17166993841023584,0.2589931343378339,0.264274688524508,0.2820597198084292,0.2647161682647007,0.3200326725477751,0.31594836798153664,0.28347503052379625,-0.022320417175041653,0.22908253394698536,0.3058950353096839,0.25076234971872363,0.27667728786463974,0.24154439418672227,0.27730965908417327,0.23675637034276387,0.20761746615195437,0.3014318453893324,0.13718600181714774
-0.007570990735018981,0.07084181872143196,0.05523959314522718,0.027609502509426145,0.15436385951217776,0.10440752449601011,0.1998025525797526,0.16920659072296795,0.3655318268572081,0.06906846114087517,0.41997840460463187,0.5135768861520241,0.4065105043999013,0.3897803251134097,0.3813393741503473,0.5830036058346005,0.6289180130817932,0.9999999999999991,0.644250251016699,0.040919459142365035,0.6742985274229651,0.6839812830124414,0.5911228557652003,0.6188523250675193,0.48926700057825934,0.48337585585119586,0.413557441433381,0.46237883031234134,0.5313528305112715,0.5181052191278414,0.6143650071021769,0.4192917536035342,0.405262258958988,0.4320338704997047,0.4044535208265574,0.3768199540672652,0.4423075697416923,0.45540712173972875,0.3522673949917616,0.18779450357452396,0.41248777585715934,0.37391621441254436,0.3914788315021983,0.3754290273549143,0.38047091951559725,0.37630103349750915,0.28160662333176806,0.3807766318991807,0.46591769062387867,-0.040879866057030326,0.4400515730398992,0.39889453962527777,0.41489351817077225,0.3694760907640371,0.36777743862561757,0.4313591407309978,0.34849266667850104,0.45385013710305033,0.40749435481756835,0.0026360839517124528,0.3924456185346917,0.47349466842799043,0.3552184847695402,0.36674443073764335,0.37801497413542323,0.42359567100671286,0.4237022546397744,0.3992259055045261,0.4936953179803158,0.11028769673966626,0.3402103233711924,0.36302868526291476,0.38169902350077806,0.38323028111236324,0.39805062224697346,0.4064422462625488,0.2737968920721153,0.4138449347189328,0.3494953715013207,0.0898071479910102,0.29913688093639446,0.32724383375806476,0.34229771021082595,0.38751098509964593,0.3478151588670704,0.436206078459298,0.4026491745776914,0.38727295021227737,0.37562543341133514,-0.025395995511030636,0.33840833414509364,0.30986185434948693,0.271356253262245,0.2936608541307461,0.3211773224511665,0.3510783391328114,0.29308649801325515,0.3121980484008413,0.3630342845941028,0.12575808468512373
-0.013119422602636236,0.08259640011113825,0.035631828147766983,0.11985881819269913,0.07088013107405358,0.089365625202795,0.2276393369991225,0.08991968840950516,0.25902167962236816,0.15930121748999923,0.32788354320305496,0.40568603381201157,0.3338509728276536,0.3258938347913831,0.3835480942074544,0.45504792867534716,0.5083680000551813,0.644250251016699,1.0,0.7584104171418709,0.559396500098434,0.5085005392424459,0.558483828343499,0.5161014399775896,0.3935778992999754,0.39675981132900734,0.4319221398115294,0.3629937015859577,0.4606263716975344,0.46972121894416957,0.4868285293518874,0.34943116469213126,0.351526238658701,0.4081948485659956,0.4106652868133297,0.35108234148816503,0.3456064138079834,0.4353667335196071,0.38863989923724857,0.2493113855436259,0.375292517236207,0.35212621456272164,0.3436353422640301,0.3264461900805429,0.3809048869055558,0.3613523048043239,0.35917104580228654,0.3095899136937009,0.40177935477451465,-0.047606974538629915,0.4639315435547834,0.3936323712490355,0.35640002313513297,0.3477731071061851,0.4279708896837845,0.3678125719377669,0.3879764761262888,0.3791391219756929,0.35541047891754,0.03344442735472992,0.2556639109162415,0.3751567379113692,0.3817839549266256,0.3487809831362966,0.3176749084786436,0.41447360807316685,0.3603455332711327,0.36661280947108116,0.3630368016757881,0.17638775109086588,0.3319752202440462,0.30476284873351406,0.3474498164615662,0.34939642745832783,0.3621217135639427,0.35247251767600085,0.33665848246283314,0.3675931124731187,0.3555167609789842,0.13618937669497447,0.29778633954025496,0.24714823505047895,0.3830475045637173,0.22207322447401284,0.3134709934221983,0.33919695829855756,0.36400715945523104,0.3705582810878132,0.3147509661834143,0.2447372321717871,0.2353268528275459,0.25167001560558455,0.22129594336996275,0.2864007180290156,0.335318365599999,0.3341690418689882,0.36431332102148967,0.2840529071300682,0.382057503900084,0.14939007559386328
0.07756690371505098,-0.006124859950414033,0.09358348365505617,0.08697903664357647,0.02091347543209467,-0.0014845599710450288,0.04638124035538528,0.10978130962874708,0.058600973778139304,0.0149270554312111,0.08793619255380788,0.06355711593303663,0.042020384192194914,-0.005829507242084808,0.03942754172322046,0.16593781471204386,0.0773544507186742,0.040919459142365035,0.7584104171418709,1.0,0.05687628794948808,0.07785903941021426,0.04434881341182217,0.03297443549888906,0.037505432306574264,0.04030786023736826,0.16202654532872499,0.11583222512155188,0.1060353474968659,0.0313238494997697,0.10146728789852408,0.16953540616380514,0.14927538991884937,0.19917408925514385,0.015098155360356203,0.18821173753470546,0.018847846036619677,0.08837447989323859,0.0814957324551714,0.1175958870728307,0.16226674728122562,0.033925062134758155,0.006044341348854659,0.03463868448744164,0.06629825152854674,0.023058731381889134,0.20836089263439758,0.2062484132815168,0.15332130308238556,0.16672016787019545,0.19790930164385384,0.25148249682769774,0.1763605200768662,0.07294264369036953,0.18211825846981494,0.09715284380762614,0.16093024528222818,0.0635355095170974,0.15228671573045385,0.11641664926592027,0.19835590859295457,0.19456285737574747,0.1195092465215812,0.14071253148097454,0.08660890270042844,0.1608242296048348,0.07844824789745396,0.139679751715026,0.19523953911390063,0.00409272313356158,0.07334708657594786,0.1739145843409449,0.0648232475032398,0.11670438706927075,0.210213904815576,0.06553811727732031,0.11553754375806843,0.05561368393991869,0.26169337197922105,0.09447592753923417,0.024291332865966277,0.17091827338469137,0.19670877081622026,0.1698459029962263,0.010110959029481423,-0.012759634924431803,0.026784403757521346,0.1876774403151555,0.32732491721697354,0.1524233830375965,0.1778991922989532,0.02522105143991499,0.19096746226856665,0.16110600024684502,0.15724231259665455,0.12428103933042156,0.220824134873588,0.05876437252256002,0.026561099984430046,0.11997874075445472
