1.0,0.23330115508747853,0.1960592392252697,0.14787309701487417,0.027672215257776557,0.09102617317914666,0.05042648778426905,0.06517920571064632,0.033948135879219,0.07884383740633445,0.03534926579934544,0.016652237000816996,0.03739189038964695,0.06876883755120028,0.07771030627269174,0.13387081883086627,0.0640200273927887,0.054237243248239926,0.03949383409585739,0.045327250559034596,0.05450548713740429,0.022614324096505822,0.0742759114871076,0.03690558515137578,0.1056503543622532,0.08000888521320236,0.08835019491084468,0.05821936677902448,0.05341370280682631,-0.00348587818778004,0.047619333606353356,0.07897269812233887,0.02884552778955181,0.07922648985017591,0.10974945741111679,0.059289633014771775,0.0793340686555766,0.09562331742720329,-0.0037042440818517734,0.14266723106312398,0.11860679635094332,0.04537716699529451,0.05431389236444987,0.06292430202671816,0.0006216159052994002,0.05055003190914936,0.08975180392725612,0.04802680771779094,0.012353307869480159,-0.0174206332752269,0.07333515754279023,0.0941911932562001,0.10785046302780019,0.0693667646275837,0.04351010449756536,-0.0032527289269097285,0.06293274834704249,0.08132700642874921,0.04594752968870186,0.011630599877735716,0.12914582330018048,0.04889945142495332,0.08810317156468697,0.02727817837650836,0.08540409503193194,0.04086805551938408,0.050782617494393625,0.0464596285488916,0.09441957769261411,0.09694699067955379,0.10179244024210364,0.06565613276018191,0.10853924232836107,0.05782547124313965,0.0899296395937855,0.09776696826552891,0.005683042873979394,0.05748541735534769,0.0994212765336433,0.06066757956186032,0.06156953406524947,0.10036132505552403,0.04356169503865333,0.0944767763029288,0.022863438714252997,0.08797286137431132,0.07025780859923776,0.08550975354798945,0.05340092356568258,0.025865378506995912,0.10617792387915775,0.04698967151377102,0.08102203208700158,0.10075539266463038,0.08541645219566929,0.08076195285403939,0.08358637353638843,0.027694062865971883,0.10004431412294043,0.020975977015976678
0.23330115508747853,1.0,0.4007292303076184,0.3003353719223312,0.12612223064680703,0.0935760484652193,0.13655755864108443,0.05188530683664244,0.09558626891544561,0.09293497239930781,0.1118682731404807,0.09184746733457036,0.15802721447796808,0.1366209642320105,0.20139995762978763,0.18933491259929425,0.16912702657782255,0.11333114747816829,0.15921225072451917,0.048782814297719246,0.12017305077952643,0.17895679767951578,0.14695201943890857,0.11051121601661311,0.13553529261956296,0.11701393501911084,0.1643149130808378,0.1709564013603298,0.136782077376832,0.19769023035136685,0.14952684989920784,0.13517232186733816,0.16257326857671728,0.15191522229637344,0.20184312588657394,0.13064628509283033,0.15247141224528038,0.1806869711992511,0.07133592433356264,0.18273908654729615,0.16873955816787914,0.14207529951239997,0.155744007832275,0.14804185364165243,0.10750130572046712,0.18201103797200208,0.18521329009923349,0.14777019315653328,0.07462244277374255,0.14095258250193804,0.169331419125733,0.14112117236981986,0.1663850153303515,0.10812943510787043,0.14203148069261895,0.08566544350290047,0.19411662756560571,0.14484043571806998,0.12585857181471824,0.1134841145007307,0.24123686042030582,0.16370339548508472,0.19307433118900644,0.1352787797557706,0.07164871812403549,0.16984106905254032,0.11663713475833462,0.09136339280722836,0.15062670686044716,0.08448660571552596,0.18792841747201258,0.18563345239202078,0.15315073347374542,0.13237938788862852,0.165572917216422,0.15119964587874962,0.16899105377338736,0.11793603724921065,0.16191555409740355,0.05816639354549065,0.13304932753919388,0.22034571399604452,0.13632517500506103,0.16589414178494616,0.1690616316870084,0.16575076972548172,0.11957168619104863,0.17666017098685327,0.1379502744454275,0.13311875436697235,0.20530085360706285,0.13762089843307568,0.20047799468932032,0.18664652325186198,0.18740386965268047,0.17381833759911022,0.15753597913463335,0.18602368986857293,0.21789457441454052,0.21376436245556973
0.1960592392252697,0.4007292303076184,0.9999999999999969,0.29375969296170423,0.15434633313906485,0.0869262075866589,0.1032753348729271,0.11282383339365595,0.06710168465826988,0.06577138383348571,0.06805402385191846,0.05282889258769671,0.12791249654701303,0.1352654589286938,0.14053268283247367,0.18535294738414831,0.1114459313467912,0.07986664069286706,0.15092023066761898,0.1378243434358295,0.08460334494439452,0.1323736137146675,0.1019795757215565,0.07249056532068442,0.15375441957363342,0.09758377019563907,0.15205359573469135,0.13018790184369317,0.1237214400541442,0.20316696431260856,0.12703033164247546,0.16820541664737837,0.17222342770949167,0.1808398868483932,0.18946718165917065,0.15092674525580252,0.13972864030480478,0.1660386528608317,0.08301150451301587,0.16215179573936686,0.16310987564301072,0.10761675281310892,0.154285208426342,0.12357354365715968,0.04906015423252846,0.16316022145510045,0.162604100837004,0.1435940506958222,0.10560839613365929,0.0327884825379022,0.15638451846650298,0.17726554598236377,0.18288406230348264,0.14551559915219786,0.19123579229258506,0.08566699063882777,0.12129364884283425,0.16694130869645252,0.1615813002184036,0.007938778116839513,0.2251552852465868,0.08131242920228267,0.17068550563083337,0.09689956061965155,0.0882568163386013,0.11650958002207268,0.13368598915696706,0.08484547122839109,0.1531044866926139,0.27195509142953483,0.1582165378139754,0.15701730983125517,0.18742457720987324,0.14990821667822107,0.17465844574150458,0.147109271417552,0.057541660999292976,0.15097488395910053,0.19621142489794818,0.05605232875861389,0.14282207592940036,0.16584205982797598,0.1866189744037059,0.19515523566901832,0.11210805270253513,0.16914779654450074,0.1423209247069054,0.19572234043565556,0.1054458400598069,0.059972729071124935,0.16202024388865507,0.152864079752331,0.10872418223315769,0.18502475559413697,0.1813312426352011,0.1632805228103139,0.18018096165515715,0.10492809415409535,0.17396912239675155,0.16685929455932325
0.14787309701487417,0.3003353719223312,0.29375969296170423,1.0,0.2951366724344656,0.08802291828221374,0.19898320700171912,0.12445365584681298,0.09019573222552293,0.07212432308506538,0.1666370343140183,0.13146137453387663,0.21648845335353212,0.17680677135740946,0.2018494473059702,0.2202294212939645,0.15811027225383548,0.11771104113797973,0.13965192315791308,0.09443333197522866,0.16417430246281345,0.17666085345776036,0.15321995109152112,0.14782324921806103,0.13510325225885256,0.12394143826300037,0.15875943963699354,0.12859840676185544,0.10397023095162258,0.1253702435076923,0.11597684230183404,0.11261068755954995,0.12005255390115709,0.13622172900327487,0.17109485873978497,0.12569945821642936,0.1409983586781721,0.137480068847458,0.09407490826805805,0.18417706821684385,0.14756666391502038,0.1305094076134288,0.15210246631205504,0.15295368492478834,0.12915850857871952,0.15432631522845658,0.15883322681249748,0.12162366363348626,0.10569560547873574,0.16923191314984998,0.17510317539754985,0.19116305442085532,0.15439960341038986,0.14093867357328888,0.1648407481198373,0.12042930832742654,0.14585487323434676,0.13386167759360576,0.11559234432539284,0.09157252437134572,0.1949757859546017,0.1470079177613683,0.2195499927777523,0.13445946132654635,0.09030080592554886,0.17673608284660938,0.14976842249386746,0.1344168763858827,0.12921257018457638,0.10721536839147994,0.1602942838322745,0.13781179854642844,0.1510503188185615,0.12411210493550942,0.14712126956688587,0.11949973587905768,0.1474542572567875,0.11205833701202414,0.13416421032202702,0.053187829617578994,0.10875250063356853,0.18819447714354914,0.11830127699690568,0.12989787357641558,0.1447903771238167,0.13589816578680225,0.09319584057450536,0.1559399697015938,0.0902715665705077,0.12264826807003576,0.14242477745685994,0.11387295991727317,0.16812155209345375,0.1491210455058935,0.15584630454390874,0.1503447367272941,0.1475064772706906,0.16860832930735975,0.18593343087960168,0.18556779354706537
0.027672215257776557,0.12612223064680703,0.15434633313906485,0.2951366724344656,1.0,0.07277644570179784,0.30198544527253696,0.020596355454018292,0.2245724628405053,0.039697685428421364,0.15188584699067095,0.1719297837298018,0.2436748304271438,0.24227979587570528,0.2371901416969083,0.2925676658624107,0.17979729315247242,0.1606984539933927,0.1493465725998141,0.05543872544937521,0.1206544925060136,0.1937658117751113,0.1759513758353316,0.13296971727754542,0.17932092057276144,0.156527421037647,0.1575135644395379,0.17934161207115457,0.2016731232731667,0.09165884456860157,0.11291991066025649,0.13882555603270816,0.11313408217107339,0.15953584699665346,0.21487467773488036,0.18016282188513094,0.13830680119624172,0.1679586638781515,0.14076093293914138,0.22427300665521,0.17548854801831304,0.1289692644267078,0.15558121103304204,0.1689123872109938,0.07773347876002168,0.14912458339853996,0.1838815891506998,0.15812528939745257,0.16744720389656798,0.079995646868906,0.15841041702453262,0.14483693122976735,0.1678746009656049,0.15389391230899374,0.14340644224079102,0.11288680309371185,0.13536320024615417,0.1572937368505885,0.16241857761564527,0.03939375449104686,0.20178919781409893,0.12926389255936482,0.1490800375531799,0.07715943472249183,0.06930742940596608,0.16073076432213118,0.1394517760104611,0.12753177219804737,0.13991314297070506,0.10861280674768302,0.15080766802809825,0.16764220939057076,0.15617832069818294,0.13040808556125086,0.16482954658382454,0.14566357616372128,0.10634282246934246,0.13028504745345731,0.16539242845083588,0.05760233443611252,0.12494148493486763,0.19032431479648054,0.13297482210079925,0.14797509682422025,0.09534142062937284,0.15391391715709835,0.15082594610605438,0.18166793671888554,0.15628427114769833,0.03237490155245556,0.1320924968518264,0.0872862777039333,0.1697396288694893,0.17397553621030198,0.14586601456431192,0.1644134949788868,0.11363329731852953,0.1446455209025554,0.15499518040666466,0.15779531176431988
0.09102617317914666,0.0935760484652193,0.0869262075866589,0.08802291828221374,0.07277644570179784,1.0,0.12073154806946967,0.06508819838143826,0.09012329754642749,0.0739217491366698,0.07534066548061127,0.10332590158380633,0.08185555300672806,0.069481341096187,0.10389891835538384,0.07601998222810907,0.09163961078499791,0.14649622147541896,0.14469623589777042,0.012948591807573373,0.0624916827755213,0.051233866699027866,0.08528306819936976,0.1456013539631358,0.10495908092018444,0.11585846256980696,0.11100107487590485,0.09465136839605898,0.12125562058062234,0.07619786538559466,0.12604290517825212,0.09409311306943835,0.0646835447751313,0.14569255725992364,0.1288889888593458,0.08951223302887751,0.07082790259307373,0.0718809952573464,0.11327463068500478,0.19510744279799516,0.1198756353062285,0.09365508670608623,0.07614110588154102,0.10667444775382172,0.10504398099258426,0.13132014756932348,0.11672284682941506,0.09706060099412817,0.07198971596007595,0.1110987210708817,0.12209665256923893,0.09964670310878497,0.09723867355458005,0.1102859460347243,0.16237215920039894,0.07297388851963363,0.07018484315427048,0.09936738564169664,0.053743202732279546,0.06639735748850341,0.14385088832939397,0.061729635626889275,0.08787563661964107,0.09699080992954115,0.09032609058854844,0.08849625175290732,0.08111684200843887,0.07621619410997998,0.0631451724135501,0.05789007571031751,0.13224937020508304,0.11947405603568167,0.09950697264268286,0.07161952021878881,0.08148484661502432,0.08572830078223953,0.07168530875527789,0.09190643350613238,0.10263696573306225,0.1480574652791899,0.04406668313979942,0.13803641766635205,0.10724194565267245,0.12464568305586739,0.11613205566914186,0.08457412898419044,0.09547569755529137,0.09301157879619106,0.1186046187536958,0.09360067351049337,0.14199117351268994,0.06349154360958312,0.12266180586504716,0.09668569454186289,0.08069726790986666,0.09720278045316443,0.0733054005958177,0.056286909564728385,0.07453877834789334,0.006153874629807249
0.05042648778426905,0.13655755864108443,0.10765242280539185,0.19898320700171912,0.30198544527253696,0.12073154806946967,1.0,0.0397235293013099,0.4417515437398996,0.09572463778826626,0.344107011304557,0.31340685641746413,0.39958319223228844,0.40771348262356655,0.3600547785108919,0.33096920710285904,0.29753091245221014,0.21886382979326108,0.2833578332233919,0.0885683104858965,0.22188068204995334,0.28606864241004715,0.2528542981379964,0.18715485423086706,0.2506434465394789,0.19728840202272932,0.22168242509806088,0.23452509525391085,0.2664494793147871,0.12788858348283572,0.16012834298452575,0.19507880806171063,0.1596202095918062,0.21475246385291036,0.24189989478936355,0.22461929060030755,0.20859645509345695,0.22035389463467778,0.15209300870102377,0.2546312586942126,0.22035735547659147,0.19765813237498892,0.22090367798861632,0.2191690870667954,0.18641391829736625,0.20072090439646093,0.22866644787081752,0.1839521063292823,0.18658422232912647,0.060748719103981254,0.191724323491211,0.20516672127997224,0.20679240718688677,0.22386749172481474,0.2618635060218321,0.1838620920747216,0.19188576521223522,0.21371480341873778,0.20134100845652347,0.07880871645588378,0.21697614438910529,0.1652626883164426,0.2005084149746713,0.15173765808892506,0.15577136636396438,0.2119353498125764,0.20786791355543416,0.20627820179921832,0.19711366512889478,0.09846182534677506,0.21147200357558588,0.18813704790646027,0.22675820236118815,0.18994803872188232,0.21678851191407408,0.1882397285015717,0.1377869854078808,0.18363172780908787,0.21381949714838067,0.09763218781101174,0.16793337069971076,0.20213014746736746,0.20351737245648116,0.19843774437441306,0.1850681887855199,0.22181610504959054,0.18440799779723882,0.21935053836374502,0.16621420109487645,0.06523271004265438,0.2077394253861488,0.14823877476991468,0.1791913654332602,0.21713825882637589,0.20176540601116122,0.20182210375617357,0.19303205208726926,0.18054835692611915,0.2132103817842892,-0.11388064152439616
0.06517920571064632,0.05188530683664244,0.11282383339365595,0.12445365584681298,0.020596355454018292,0.06508819838143826,0.0397235293013099,0.9999999999999987,0.025231409134994665,0.06218265082727602,0.055539439270485706,0.12112622285661916,0.08478885549511685,0.05717376970964591,0.10126134406560344,0.04212922884430256,0.04843388704650234,0.1072377679154917,0.06827661856908836,0.24212370798464478,0.08657908866874094,0.07573590655357973,0.08994715993319496,0.04928968285201864,0.09612692726352537,0.0577619677456144,0.07123618400283832,0.09741800529675491,0.12547219076620733,0.09482758777025853,0.044738059890893446,0.03805352543906398,0.04448229871242295,0.04669624987278513,0.1402631969431069,0.15520403973332056,0.16552949923978375,0.14344276937358202,0.16734688569032347,0.12716448330603802,0.04471603532860199,0.11545331848894197,0.03131068659846341,0.12177971660156191,0.15297218080054653,0.0661514547321123,0.12155157447640388,0.1608500655725268,0.1340266604459292,0.11851447424706002,0.07027376293916332,0.09180110903001376,0.11314181808626601,0.1182457030707389,0.13044463939561718,0.17288353646398263,0.1661720170155924,0.11119543579356475,0.15717241587693193,0.11739942665457653,0.21429789483295883,0.18123979377393462,0.12114234821651504,0.1393896037708355,0.11733191656924395,0.0547155077668164,0.05675077507565394,0.15069196433198118,0.12129374715821051,0.2597995461028854,0.11709341004362056,0.05681912170665418,0.0325988125871583,0.04961251020472489,0.04837918343971291,0.06609318724385951,0.14216349622956348,0.124276458193457,0.1641902562629488,0.1242606930963661,0.06352077959058196,0.05049789993573642,0.07009535204458076,0.10118366668131996,0.09007898337115844,0.04400012453244869,0.03871847997050161,0.05504803411149599,0.14090487076465896,0.22009383205004893,0.053558586780758234,0.06291780028036313,0.05502819061356422,0.14958555801883616,0.08397133386798526,0.11362494536094564,0.03996779605586108,0.12247618404559221,0.07412911524695918,-0.07010917146694395
0.033948135879219,0.09558626891544561,0.06710168465826988,0.09019573222552293,0.2245724628405053,0.09012329754642749,0.4417515437398996,0.025231409134994665,1.0,0.1132390430552781,0.5066735663806204,0.43203660933339294,0.4919086170510645,0.5304576292234144,0.4586676487123476,0.4389068943384451,0.39402771254603774,0.3202916371126628,0.31256165642271805,0.11471137063232692,0.2790768066377159,0.30988370851005764,0.31146021228649645,0.23873049791849282,0.20686669175036676,0.18731245220093434,0.19897458651080954,0.22993262669309833,0.2579080908592368,0.14966648538859398,0.20534719338237323,0.17632413561623328,0.13796161463644638,0.19267919809081843,0.2364375800613177,0.2129815142844511,0.2099285330356105,0.1972091543346844,0.14032454744570166,0.19034544662461156,0.20233461833478206,0.19213023845409616,0.17070351351405555,0.15742961568575792,0.18288993572858486,0.15246243429854744,0.20045502337321164,0.1840527862815352,0.15467544427752888,0.015511794563489455,0.1874244791600828,0.17231566419983807,0.20038371675356217,0.20457381726222873,0.2337133136200423,0.17885720992546414,0.17499665641438156,0.1813754702764243,0.18457407677133653,0.0911661249303612,0.20173129797922146,0.13998165906451715,0.17818917591378597,0.16674384712915086,0.13957154272008254,0.15914545454684514,0.16757501755765025,0.1483443840138601,0.14746327032763218,0.15116449596206188,0.21501914146965517,0.11826644876492243,0.19413256413022117,0.15278673103150325,0.19650122907947143,0.15043780559542863,0.1711091058748665,0.16108303928893286,0.22481349577837634,0.022586454260404135,0.16214548436016468,0.16681579884571027,0.17961861548286354,0.16420039204396175,0.16542245617322035,0.23134602243747993,0.18973082628052423,0.2040169346381305,0.200464141499892,0.06838625261482503,0.17250564631822873,0.12881961480307907,0.17375304068892705,0.20783159383005426,0.18526235026965138,0.20049562615056846,0.17764757509979728,0.14633985318194775,0.1986091840954078,-0.043383208295706424
0.07884383740633445,0.09293497239930781,0.06577138383348571,0.07212432308506538,0.039697685428421364,0.0739217491366698,0.09572463778826626,0.06218265082727602,0.1132390430552781,0.9999999999999992,0.11654227072393461,0.10616812357749486,0.10618112542942915,0.12764855176987486,0.11571912958076347,0.09776783873413274,0.16750275347775168,0.09941260899464621,0.13651898845682822,0.11599534151305109,0.08594870037592992,0.05068415188706514,0.0654000066215106,0.05767875191608332,0.06392750783760248,0.02795955334993236,0.057068919681006636,0.1330251911298097,0.10835882136798541,0.11495338956872397,0.03370224224825845,0.07032811722218846,0.07926732252689524,0.0649956141481847,0.0708096076720901,0.08118755218215928,0.0613782518210268,0.07456359580176973,0.17989721212238505,0.1684729526961321,0.049239055194395115,0.08327513843658046,0.10987851721024237,0.08741893779207047,0.09280047043764694,0.06719973368464804,0.12367879343380334,0.08932699371631038,0.32489973164761327,0.19657734782862046,0.0637448706730459,0.055316232142266844,0.09203966817986664,0.09686018211151956,0.06914721655389232,0.07326923756717257,0.13702916968738765,0.06702621807194065,0.1058319400884542,0.12764398871689495,0.18712271073372289,0.050470458195245385,0.17307169894572283,0.08112491632906838,0.059927046016741155,0.10833067367646788,0.0883710591037277,0.08491227832835839,0.06778723366172221,0.1419581255704747,0.06083383364071827,0.06221113762157306,0.0762543662282536,0.07371268824958582,0.07487164828903337,0.0575363577206203,0.0727165987683206,0.10744673361203406,0.08323563987834215,0.126168700586337,0.05735771844904802,0.13981504628145436,0.09671894158450481,0.05611928824288716,0.07335565320748802,0.08297850251370181,0.09097684506981538,0.07371835320584633,0.04420301581662561,0.07909675524792492,0.08084824215636291,0.0353878611435805,0.05715004739489344,0.0779312861486422,0.0666149606771754,0.054866691061126786,0.05366724294629333,0.13397327164063255,0.09360083903726357,0.14134783583701369
0.03534926579934544,0.1118682731404807,0.06805402385191846,0.1666370343140183,0.16071812618189527,0.07534066548061127,0.344107011304557,0.055539439270485706,0.5066735663806204,0.11654227072393461,1.0,0.5804714026028407,0.5511750862865875,0.6039633758670977,0.554856648667727,0.5386162645888386,0.49543808039097054,0.4054077982542054,0.36838790258768006,0.0748332676918375,0.4119379687820475,0.4258240669831025,0.4110712262309316,0.3380760982742025,0.26823905419087324,0.26787509585577596,0.2602367253469066,0.29143238164476165,0.2842774984807004,0.27751901389614997,0.3088504529515276,0.24100125793716623,0.23156280108140537,0.27266720792107574,0.24659202152387683,0.2124353183222853,0.22314601610146073,0.2145450205654656,0.18809348867014192,0.17324043283393398,0.23689384388974413,0.2232807306977385,0.22928487565105843,0.2060460843169688,0.20034438647020197,0.19967988634188305,0.2424401950049701,0.19767849536757207,0.22721158248432843,0.10255746123294575,0.26935489378242705,0.244463009398333,0.22801603894499534,0.24024826717337122,0.237630476857166,0.2135861516477513,0.19768875588153767,0.21408515717892768,0.215541988102105,0.05739717559571211,0.24697900451869692,0.2690232907350546,0.2480953163372999,0.19110113274524895,0.15635826162076655,0.17645752602595413,0.21640181571513525,0.20678755582119543,0.18718429155046568,0.11553402397754178,0.23430932421861433,0.21125099638644088,0.22132604419872154,0.19203699586018952,0.2539542477988561,0.18629870076179755,0.22476490738083707,0.20976504174315508,0.23251371658926978,0.05369990748736252,0.19492369121601744,0.21784127710459347,0.24013672914478082,0.21760487045231883,0.20165656255631098,0.23021756045348946,0.22532881323502785,0.2411595247548099,0.19476842335207525,0.07235266079057884,0.22861080856350094,0.16961870268077267,0.20721979469246044,0.24812646987515213,0.21084939005203956,0.21497417553084303,0.22266737482516263,0.17291529755172902,0.2333172982766013,-0.04362918665684516
0.016652237000816996,0.09184746733457036,0.05282889258769671,0.13146137453387663,0.1719297837298018,0.10332590158380633,0.31340685641746413,0.12112622285661916,0.43203660933339294,0.10616812357749486,0.5804714026028407,1.0,0.6189419936794307,0.6470271777569767,0.6163990184205753,0.5890571903753179,0.5448203134668557,0.4658549194964153,0.38886110720745704,0.10660817807254899,0.4855737122561795,0.5150560140602888,0.46398239678667597,0.41392351511188397,0.41225346843124844,0.37198083420845696,0.3563702635520385,0.3602859714833162,0.3763082061205737,0.3944738867572867,0.4008488379491342,0.3710300207756778,0.2838435659555175,0.3533925907889319,0.35794101752819485,0.3455948635977324,0.31084172131867904,0.3224288876702434,0.3014323111048174,0.2429057209571573,0.2964043899953118,0.2735933350103398,0.31786891540040585,0.2841129192731203,0.23394413668592895,0.2733024004557566,0.2985403880801706,0.28103308359871587,0.2953072492656855,0.06274997249672741,0.3353298757529851,0.2995151206613777,0.3036903164448319,0.3118551740487777,0.3063423326955192,0.23672007761449076,0.2690942576001505,0.2903872942430863,0.25486875478351867,0.09356358661090197,0.2910512778991958,0.32789112040231805,0.34322023627563547,0.25446743936282573,0.2563468914433433,0.28481756496884847,0.3047338038464931,0.33680688297803313,0.3050244850796057,0.14007165489584844,0.25356344395905345,0.27574617478171864,0.29071668757026964,0.2723827411139583,0.29359789946117487,0.26800764444302067,0.25151667029415836,0.24743965023233003,0.25625495102683227,0.07823044883638489,0.22328752006836772,0.24217531723032032,0.2646562829002668,0.2699511131614116,0.24291169228801096,0.3167865212597401,0.2849823515769079,0.33043667516395636,0.30541862617588356,0.10451277780980489,0.28340588878366724,0.21351108764380727,0.24879630502608,0.2922563102564728,0.2841608928148126,0.2869619636856171,0.26507569003672915,0.2658860142642228,0.312602205739389,-0.019411284510441374
0.03739189038964695,0.15802721447796808,0.12791249654701303,0.21648845335353212,0.2436748304271438,0.08185555300672806,0.39958319223228844,0.08478885549511685,0.4919086170510645,0.10618112542942915,0.5511750862865875,0.6189419936794307,1.0,0.6615710230786317,0.6438735857004767,0.6367518895464692,0.5444131903419315,0.44314373503345,0.4249304581170757,0.10329446675681794,0.464798983533858,0.5255430687683824,0.4478810911592989,0.3899786204388296,0.4005747023271435,0.3626734937638957,0.32346510605921497,0.39396009739535376,0.3588941591530346,0.3175365083032816,0.36719580774122057,0.32882318628133095,0.3259678365239716,0.3420818336014353,0.3558822020592619,0.33619851765878905,0.3043203443253257,0.34668256674790865,0.17470930946115432,0.26200239283365945,0.3168304568238407,0.2687750014844601,0.3274555156754845,0.3139934504002542,0.2562666666302037,0.29334492636883136,0.3553485672778105,0.3238460063532611,0.21363050828450805,0.14708761957350056,0.3527121286007899,0.3118333330814187,0.32104631018216534,0.29367641491247237,0.33579014972616406,0.24197552231269248,0.3118621176644075,0.30617295346994694,0.29684620073533396,0.07978267494917211,0.3576993227193286,0.33759625139172444,0.37742159231444067,0.27429121970079384,0.18538727094379426,0.2820558522678662,0.32565105374987374,0.29402616394121894,0.3138398416814769,0.12665877827041294,0.3304017801198733,0.322058056341676,0.33946861817894913,0.27690218725779764,0.35060850847285974,0.28809736850252377,0.31095626386391473,0.29286168279118896,0.33925281186867484,0.026199543485488336,0.2328542332935422,0.31781185908009935,0.2912017518413013,0.3250942521530408,0.26476006242801875,0.3192128289696541,0.3237446172020678,0.3419777043460269,0.25854205836600025,0.1115679552158074,0.32443666419368655,0.27448030124199096,0.30224639422815863,0.3350133272273196,0.3118748153808245,0.29076272747759535,0.3169806160773712,0.326914661778919,0.3485370404862035,0.20467186245967114
0.06876883755120028,0.1366209642320105,0.1352654589286938,0.17680677135740946,0.24227979587570528,0.069481341096187,0.40771348262356655,0.05717376970964591,0.5304576292234144,0.12764855176987486,0.6039633758670977,0.6470271777569767,0.6615710230786317,1.0,0.6645860142688,0.5684073247017747,0.5009299060919696,0.43869231415118953,0.391393943819464,0.08700876890591316,0.44371908815774197,0.4829279020047085,0.42563750629604724,0.3861520348692683,0.3135620539432201,0.30316628016521774,0.2595843565180131,0.329552305170942,0.3155601627115695,0.3407589488907735,0.35984333561023574,0.24374931768029195,0.2573837423643841,0.2640066175910557,0.2562542864365397,0.26373467108423837,0.28010538425371967,0.26608324036625564,0.2282556611344715,0.17123002677452626,0.2510500756393071,0.24430999198790987,0.26149995035019924,0.2736481057627011,0.24393756269843433,0.2791788231734058,0.29265501043645586,0.26834482130137655,0.17788280048926816,0.10196502971102833,0.2718733764275181,0.24014192906864285,0.24933023785449276,0.2631894499782329,0.2773140533813576,0.22328469554728156,0.25482751546104154,0.24751485420372987,0.25211173750076876,0.09747572435682683,0.2709003422449811,0.2891024793065755,0.3048750618784263,0.2510998274590043,0.1738033676652146,0.2528981200675271,0.22625080503421116,0.26952237312020605,0.2398210685668042,0.10963939346262733,0.2529220320277269,0.22650247754485286,0.24698026140189572,0.23018995099449743,0.25304682988823596,0.21837896816310462,0.24110621436509272,0.2477071725007403,0.2714539735043478,0.05793963053564527,0.22744905870643095,0.2224676529050148,0.22494524843789954,0.23265436907055873,0.25347630667147036,0.2448520430374575,0.2873802666079279,0.29388116035949474,0.2721132718232508,0.13457649346185963,0.23211042783463795,0.21426173539661916,0.2502108691799955,0.24342386743803857,0.23938761510401868,0.2631565166310118,0.2586508455096579,0.25880336036984425,0.2946563418448007,0.01847660493573762
0.07771030627269174,0.20139995762978763,0.14053268283247367,0.2018494473059702,0.2371901416969083,0.10389891835538384,0.3600547785108919,0.10126134406560344,0.4586676487123476,0.11571912958076347,0.554856648667727,0.6163990184205753,0.6438735857004767,0.6645860142688,0.9999999999999992,0.6507826858436824,0.5735233385028238,0.44986747149348383,0.43582798951218643,0.0626841948441327,0.46049609782159745,0.5111695864142594,0.4682161545660187,0.43681819335981203,0.40958432842382264,0.35782248994942406,0.3241002795183636,0.37472508977649793,0.3781011278080689,0.3283279594511094,0.3758167559938929,0.3415294293915101,0.2947737327092328,0.3307826389310617,0.34523861915203713,0.35084099637833527,0.3221528524403288,0.3204934935962497,0.18204918228911612,0.2956992413559762,0.3119230503547078,0.2723365119930435,0.3160409141027284,0.2793191037287603,0.23792704037494827,0.273361358087822,0.3309683000975569,0.2763871389192548,0.22011089027871406,0.022832538917668718,0.37040942452916137,0.3056435138986267,0.32267593410187795,0.3322284011832274,0.3264967942232111,0.2442300888203441,0.26211402555509955,0.2997492562532801,0.27775238582695533,0.08059481112866501,0.3269248321484334,0.32288979485682084,0.41036667093885326,0.21910036889609025,0.1699087326911874,0.23654729224274318,0.30662181830587354,0.32123466438368925,0.2937843778789155,0.2554465035660647,0.3062547434228165,0.2363248831438172,0.3360119953924355,0.2661923043664267,0.3338992420127509,0.2663472718409333,0.20106326146140524,0.27318028013977813,0.34645104153292794,0.08001498775256108,0.21868277724147145,0.27229688927360357,0.3091671486923029,0.30732337130089105,0.26915404100126467,0.30750729630403284,0.3343474161538673,0.3437099779586793,0.287406054347148,0.0686239917039986,0.2682449319386049,0.1992608064773758,0.28886646644112246,0.30652190092176973,0.2844491510009841,0.3019987344034254,0.30698767546250444,0.27020629903931975,0.378853466318944,0.1749847038142317
0.13387081883086627,0.18933491259929425,0.18535294738414831,0.2202294212939645,0.2925676658624107,0.07601998222810907,0.33096920710285904,0.04212922884430256,0.4389068943384451,0.09776783873413274,0.5386162645888386,0.5890571903753179,0.6367518895464692,0.5684073247017747,0.6507826858436824,0.9999999999999976,0.7096178892124158,0.6360745403729464,0.5360087227976298,0.1584109241078941,0.6397536474898072,0.6391861834689601,0.5391836941027449,0.49425475702839483,0.41518321784230083,0.38871206899357047,0.3576065057378599,0.4127952107000724,0.41693593673806617,0.3621111482075298,0.470102131785022,0.35556159132820553,0.3334725179631204,0.3481817211905322,0.3727762763694971,0.37754039204817935,0.36025780434591304,0.3245339827053781,0.3527697290756602,0.24373909495985618,0.3046772161191683,0.2687215247436558,0.3008807034502313,0.311723349854928,0.27408344457956935,0.31526781263376846,0.31906285858825445,0.2977172460643674,0.2849463391791599,0.19717978421123122,0.3743833884250043,0.3050330488189505,0.31386826531761336,0.3340927680588435,0.3539185769138153,0.30102239017473986,0.32003992565496936,0.276040266571714,0.3121971229902025,0.09866903465677683,0.3344136409313051,0.36649263377992625,0.4084089695091816,0.3018378156789785,0.2566389045304267,0.35404474250510043,0.30507427494080697,0.3622489337225685,0.3262271721549596,0.13713473134978016,0.28903853947401675,0.3016862261156039,0.3096733747328061,0.29334231780651365,0.31980371928714174,0.3090610281084172,0.3136006522192958,0.3134073200874064,0.32301150274459256,0.08340796003542188,0.275733428349957,0.3212355835669598,0.3132981579051015,0.2788267989038873,0.28967038682333524,0.3294655536224753,0.3497707098674293,0.3613018787865043,0.3244649274612602,0.08438793285693186,0.30573217977130335,0.29356444032040585,0.3002269169590748,0.32468432717769224,0.3223266257003575,0.2845832508792775,0.3067217553932535,0.3712780684300728,0.3720127866335228,0.19508977108674033
0.0640200273927887,0.16912702657782255,0.1114459313467912,0.15811027225383548,0.17979729315247242,0.09163961078499791,0.29753091245221014,0.04843388704650234,0.39402771254603774,0.16750275347775168,0.49543808039097054,0.5448203134668557,0.5444131903419315,0.5009299060919696,0.5735233385028238,0.7096178892124158,1.0,0.6430095456230375,0.5875532327503403,0.10044764253752547,0.6261413443295907,0.6418859021212238,0.6054852849919926,0.5093197937173178,0.43008000955124714,0.4451107537340987,0.4135081747687892,0.43003090713064807,0.4735906782691746,0.4143043752572913,0.5071220223388286,0.4000790876901934,0.371331461997468,0.3764550549215152,0.3612973020601016,0.3534122616999444,0.37868469520916387,0.35418474436290437,0.34567572082651976,0.3121030436464933,0.34081355284939086,0.30145725294438375,0.3403717661751522,0.3045012170105297,0.2887530329700542,0.3236068997422804,0.3220035253498404,0.2962568249544356,0.356702439625436,0.061640443420924076,0.4115651858892549,0.3510857972149576,0.3389332849366885,0.3369327142036333,0.3390635355752229,0.2966233971755564,0.34668281095837744,0.3133771906820844,0.32804459193364693,0.0661059594366914,0.32768734452867904,0.37678742151933736,0.4328984772704528,0.29289482750623225,0.2861457067981204,0.3146770581967772,0.32794972305759307,0.39630632955566414,0.36802393065230515,0.14578142812994774,0.3299468582661369,0.33370309221632816,0.3361212021645854,0.30961278506360135,0.34263618776820004,0.3054879921580741,0.30185673411936464,0.29659148057854473,0.3024795891624097,0.06254637315018687,0.2936526211986774,0.32369565547572954,0.31128899334297994,0.3346095156358295,0.3010423187183061,0.33862868218236025,0.35792967094382006,0.3751007902871882,0.34656183499450444,0.04134664702359414,0.30151922356573857,0.30284164870873576,0.3612813308974095,0.33788521276844075,0.32338623305497693,0.3245412176930368,0.31735587700484236,0.3268630791335513,0.3719983327781955,0.17431488999237654
0.054237243248239926,0.11333114747816829,0.07986664069286706,0.11771104113797973,0.1606984539933927,0.14649622147541896,0.21886382979326108,0.1072377679154917,0.3202916371126628,0.09941260899464621,0.4054077982542054,0.4658549194964153,0.44314373503345,0.43869231415118953,0.44986747149348383,0.6360745403729464,0.6430095456230375,0.9999999999999993,0.6796406760657963,0.04257226339489494,0.6704966612230407,0.6742264001028946,0.6313595897249591,0.5968523256782656,0.49757628463838,0.5257795188888271,0.4980912714211677,0.48866488964859145,0.5065746294043825,0.4971701899612451,0.5937143299943867,0.47143186621672917,0.4122105107620188,0.4678005408031757,0.4461553204238585,0.4528957264920065,0.43028461304688403,0.4364126332866515,0.4658470588215008,0.33223201326166807,0.4280853455026624,0.355229254025242,0.39559184179438145,0.3618480081844957,0.35404912823608636,0.3587449517416832,0.38354399024759583,0.3837222341894331,0.4304637581550993,-0.0065435309365980375,0.48240463771699293,0.44544471241894956,0.412163951565364,0.4211345588117359,0.4044172579062685,0.387473192312829,0.4259456872164581,0.40086617638461736,0.40946082558763086,0.06276566502505154,0.3545771856152777,0.43531830577552266,0.4430590603101228,0.3869845334808702,0.3733135561848646,0.4173569566072366,0.4285311588257957,0.46082554042891616,0.44736625390410234,0.18491080510701333,0.34191910166965434,0.35279976357512904,0.3904256608633415,0.3842003808812613,0.3848438663972355,0.3952461736837266,0.3415764899527882,0.3696116230084303,0.36877274092032697,0.04232797549963055,0.34318202443286316,0.3377473923547336,0.3646986097533203,0.35490986860496215,0.33960658111405734,0.40651361994856405,0.4072847712534328,0.41294230397490883,0.4011052292728508,0.04034777663280522,0.33589286665558193,0.31134218778526,0.30781584775814563,0.3719128601952918,0.36281511509271797,0.3483057923950128,0.3299453459980512,0.3485971051729687,0.38023164959116224,0.1778305472319699
0.03949383409585739,0.15921225072451917,0.15092023066761898,0.13965192315791308,0.14273373957728236,0.14469623589777042,0.2833578332233919,0.06827661856908836,0.31256165642271805,0.14886504253064106,0.36838790258768006,0.38886110720745704,0.4249304581170757,0.391393943819464,0.43582798951218643,0.5360087227976298,0.5875532327503403,0.6796406760657963,0.9999999999999993,0.7431182257682434,0.5851752253608326,0.592954160424886,0.5859732880485846,0.5361188861657313,0.4271634205634369,0.4825023784200804,0.4422771581177272,0.45493953760351313,0.47903892612839816,0.4166131091971318,0.5142131466643212,0.3963346361056803,0.4010631961467018,0.42117673395075916,0.4111464784436752,0.4077469461215216,0.4175470865641665,0.430783180843503,0.420298085665472,0.27212588590898695,0.3789774064656053,0.3580572523877722,0.36370676380516104,0.3535778851053569,0.36914623159562854,0.3575310413211058,0.3490667070958939,0.37810421220048374,0.406269618829943,-0.008194280220854819,0.4728973795089483,0.4012579049944993,0.3521319413097212,0.40170878104652463,0.44042805120874484,0.35649178136789683,0.3933820032076387,0.3746077748254018,0.40055212409149077,0.07156058988114189,0.3042357107068227,0.3974397770866742,0.4728952821832484,0.3875976856812341,0.32457788792413456,0.41715866457058,0.36605499143224696,0.42711218538824386,0.39084975481024553,0.18185769766508603,0.3511993715994283,0.333471201571906,0.36170867244847804,0.35600275232536305,0.3479548170904767,0.36469933349072614,0.34682796111669567,0.37721409394856104,0.3442907685691292,0.05736198808862987,0.3291444863421666,0.3363669273678336,0.3737599185665029,0.3240724428631391,0.3192537741373678,0.3401768917853343,0.39822151890628976,0.38513919078631964,0.3688984563996074,0.43557132065171206,0.3118784100198805,0.30191128143093016,0.3230190457302008,0.34585747334996075,0.3361318925646698,0.34197634444797,0.350263647042211,0.32978389481094345,0.3739967014325769,0.16987855065278218
0.045327250559034596,0.048782814297719246,0.1378243434358295,0.09443333197522866,0.05543872544937521,0.012948591807573373,0.0885683104858965,0.24212370798464478,0.11471137063232692,0.11599534151305109,0.0748332676918375,0.10660817807254899,0.10329446675681794,0.08700876890591316,0.0626841948441327,0.1584109241078941,0.10044764253752547,0.04257226339489494,0.7431182257682434,1.0,0.07395318439945128,0.11842443245791853,0.0882486702354899,0.036793052115607544,0.07523374493393886,0.05874476851150797,0.16051715607849482,0.046648720578025465,0.12112283064532683,0.040343409912415154,0.07207686780055532,0.1616237892321488,0.18012956935895374,0.1547689730747429,0.0863675365506353,0.14146838573479603,0.07917526817835685,0.11013866743842189,0.17283988027457128,0.054994777028814404,0.170342498397433,0.06518224994798706,0.08054199613482463,0.07853888692121427,0.09668203520116321,0.0748572927784874,0.17988843964482903,0.1940201375346534,0.40467172223241044,0.27533136839945793,0.18564983751856542,0.18844110960442248,0.17476362071217622,0.06093033846442499,0.10271154545683067,0.0882228857150607,0.17410132228312325,0.10779854358583268,0.15030924405292945,0.1231940788022085,0.19631966386898939,0.19286159272425157,0.11240772331520296,0.178022514681177,0.17176332516103215,0.15051753051972294,0.0807069155385774,0.17902186415436577,0.18597157211562781,0.13145429245269086,0.1608224252207619,0.17585026573471313,0.11281078489194979,0.12038119831445124,0.1649752772528296,0.06939087506162725,0.1111289679746243,0.07404470670371807,0.21722437845876855,0.17705348807489382,0.049150044736553516,0.16495918201124027,0.15140291997461464,0.16667750724442076,0.06410673177071965,0.061890825215640696,0.08942747569342335,0.14986416157946303,0.3150911041353889,0.24390298822894715,0.18449803574343926,0.07161683461585296,0.19399670886809567,0.1678908107857141,0.16618621414588178,0.15101499398024298,0.16241882538379582,0.06703148088455349,0.065949113948302,0.12760365757187891
