1.0,0.24677120764331423,0.2548107800974996,0.18521729664476988,0.14854905950895386,0.12547692677843192,0.11583104751828549,0.07549781877216291,0.09360747588165523,0.0684129367083408,0.10540954020570723,0.0908112624445485,0.13425805137630267,0.11782721401212293,0.1782071856539037,0.1571197667630786,0.1426919247650859,0.16129720898584463,0.12989385764947925,0.048331889761183744,0.15029404895071072,0.13259323302298193,0.12005175419394809,0.11805730195673446,0.14486327880361527,0.13900069662696152,0.13818401840836114,0.1302774933617645,0.08605877940428684,0.06297201050566441,0.1351040990632305,0.11492878429244456,0.11906575463221412,0.12607566730198905,0.14170315176245185,0.10177680036519382,0.13515899438368906,0.1367859272242492,0.1333802575514944,0.1800304390814919,0.14118452355130254,0.11759426724926357,0.11133815417485254,0.1261238246630403,0.10322829526468053,0.10627076558505832,0.1250518607350699,0.1259833289440047,0.12589135165285248,0.12511680706234107,0.12530622068022587,0.13547083069396204,0.1395829411227849,0.1133351989989172,0.12166509593004685,0.11093310157115031,0.1318140958539996,0.11821592600718717,0.11278577080376362,0.08897285646908618,0.15311840991736472,0.1370185261646675,0.14971513028686698,0.11524764389255623,0.13045941701122082,0.1352499841673296,0.11277239412597284,0.1275634481645196,0.12914102896816632,0.11429317047481982,0.12672473352228636,0.13402021609230827,0.13185268273416836,0.10630866651385965,0.11895273170953882,0.14150575695736045,0.12272987068563901,0.13762829763324097,0.12827509561930767,0.06953322113845058,0.1492316941172937,0.12430539397961558,0.11667317632025312,0.12673574704783855,0.14498365043741604,0.11920562550342696,0.13745954870632637,0.13255822838898573,0.10958263345539324,0.052534522162177646,0.13802503352870474,0.1346639994443256,0.14315288917720648,0.1305611706040142,0.13050571909203093,0.1220102023233142,0.13460588097006473,0.14172845960132224,0.15485906434762947,0.002392725954968821
0.24677120764331423,0.9999999999999996,0.41633363452939376,0.3065915293419328,0.2035991559387867,0.11495082824972948,0.1779089988044128,0.06681293645869948,0.16311441177668978,0.07732304966556883,0.14502064224455857,0.15914924365582472,0.1899442199593206,0.16670001403886936,0.21667297611365566,0.22529979940338485,0.20236169092984424,0.19985128973272445,0.18809511454984346,0.06237200614290468,0.19821304329725525,0.21956966581141985,0.16870207216431526,0.16021169205770303,0.15561251786073113,0.15081651916746971,0.1836269587168498,0.18221692011185076,0.14322803227430422,0.18906455946603395,0.1841776673356995,0.16114688749263337,0.18509543856938013,0.16850668973909508,0.21024608829425592,0.17512515659059197,0.18436055647089056,0.19468133949082858,0.1649609478245547,0.20489670576378483,0.18558716330316316,0.1643313571520637,0.1730772535944387,0.17618766418956366,0.16020247104232757,0.18664789863437678,0.1949653942484863,0.16650978700828334,0.2191797538271097,0.2183922885525896,0.20174782095515964,0.1666766723309332,0.175404810604839,0.13593265722335132,0.16519226838853188,0.1920829401035919,0.19919757863095094,0.16588476425923968,0.15661033918503126,0.12111969894710412,0.24119743683646672,0.17577802065853457,0.19842402542119614,0.16614682220962002,0.19280527184458052,0.1834720152446683,0.1472406056847413,0.15003318755557077,0.17136068713949587,0.1022847283206893,0.19629249160793485,0.1942347478972339,0.1764799891017591,0.15047731810837628,0.18197140861255995,0.17571724235955744,0.19347922131879447,0.15557319995803479,0.1760930194146771,0.05253277968926758,0.16059215302126645,0.22897909998170868,0.1641631514693394,0.18358355608009125,0.20949516957410821,0.18372649718277234,0.1646999996414838,0.19945824486409341,0.17611266423958027,0.19350991583476812,0.21424413907241974,0.19961393050521758,0.21368528376284732,0.2004634191531825,0.1953012875061015,0.18991186397142037,0.18212523865846716,0.2340778402384771,0.22855616772959586,0.22730530128172047
0.2548107800974996,0.41633363452939376,1.0,0.32370457096915994,0.25961439326857677,0.14242274587042747,0.18821303063547662,0.10954714265634367,0.10978819856290839,0.1035267604172064,0.13788833586810456,0.14560615849454467,0.19004790352690576,0.17130675239600135,0.19839908548492802,0.1976946535885912,0.18172979628623656,0.14135643160393144,0.1796035936599299,0.12893773135259234,0.19507345147240895,0.21015121495072675,0.12637877238928896,0.13422108204269756,0.17028658975626135,0.1466465091336169,0.17476699852709154,0.1821241448653429,0.15307935407677842,0.18355126946847466,0.1663794991137405,0.17195402747922367,0.20998829101884958,0.17654122155239946,0.190899520010612,0.16557177840519832,0.17709709199998958,0.18145767182529687,0.14100667350231957,0.13560236736200768,0.19033103786520206,0.14295819124220654,0.1841307493006576,0.17641663543041214,0.17985372766786048,0.18863103525588165,0.18809930677661035,0.1757882830268397,0.1783200360030734,0.1789623066761728,0.17366458203416846,0.19816391528061933,0.19625346310180192,0.16327041547176835,0.2043230999100594,0.2099876719708001,0.19669935607745753,0.17791451300123956,0.18623091316275278,0.07176115464514465,0.22061397515209857,0.17930372860464977,0.1881115541626143,0.1727327604324923,0.18542823701293126,0.19868459718676407,0.15503358829541491,0.15517641824351858,0.1682551626800009,0.2667986785075591,0.16463905057169043,0.17639179382206005,0.18769978911970436,0.17604692161656682,0.17503484756918414,0.172091893802201,0.1899522998748538,0.18268768184753698,0.19909622661596743,0.06373079682332017,0.18622289471854778,0.17615345669931454,0.18162167714804012,0.1880176664444694,0.16732410101081274,0.17016307051499668,0.17451778001251217,0.1907770728094954,0.15153782100157903,0.14423895024620417,0.1723790765038901,0.1960839545327841,0.1847427884716411,0.18222938885260098,0.18647416270683723,0.16767353754253164,0.1881193830386223,0.206251246572583,0.1988845337489859,0.17981677058328852
0.18521729664476988,0.3065915293419328,0.32370457096915994,0.999999999999999,0.36438753163675974,0.137916574925023,0.25352232634128946,0.12492948911259756,0.17466860357629857,0.08636934841640795,0.2104156599012579,0.19661637080274252,0.2574071748428257,0.2306331384658045,0.2457485896446567,0.2627976096159468,0.20607949174170637,0.20123304386830715,0.1831251215475419,0.12883803089186205,0.23328589096292734,0.22424456348897015,0.1992160281848773,0.21503999476140223,0.18299932263671015,0.19825850043737914,0.19190601660170575,0.20089553361414114,0.1277190108048382,0.13736641815048345,0.1794498807618425,0.16584521424796578,0.18271743456889034,0.18824041519784174,0.20849823261337883,0.18351174140396803,0.1876279926674499,0.18036240339362986,0.2094675888585216,0.20417688325124805,0.1890678903640733,0.19130283173762386,0.19060394568923494,0.19477306133112804,0.1951747481511501,0.19499650958221962,0.19436730747531725,0.1741246475552679,0.22587554484143635,0.2312375572607716,0.20510328023300867,0.2208525462452786,0.20229950361535892,0.1838574191667407,0.19359939524530123,0.20176297930892206,0.19834651346849358,0.18266548061210156,0.18164810787294117,0.12650357458840888,0.21375816277475035,0.202040018782989,0.2291658881964017,0.19633741471953114,0.20451486179425202,0.23147854697810188,0.20561395538142813,0.1938326529960584,0.18725370972713484,0.179347791784425,0.1927495190205462,0.18572123126277512,0.19562236851543302,0.17506577803445494,0.18903836019066864,0.17951013785217623,0.20054245412980226,0.1745770874858702,0.17467190281320483,0.07824915341920059,0.1707920006440097,0.21754117774661164,0.1731096410075486,0.18709898258037738,0.20200696464714324,0.1877117512003596,0.16929831003006393,0.20200852417124027,0.15985090180343733,0.16830172262887289,0.19571970131083594,0.19257263842907696,0.21253739354652834,0.18959194939175988,0.1974390541040797,0.19585263326385743,0.19084570038117232,0.23424612371102493,0.2159000777127222,0.20606417258154558
0.14854905950895386,0.2035991559387867,0.25961439326857677,0.36438753163675974,0.9999999999999989,0.14934238363273777,0.4136097136280711,0.0548853256865109,0.31857327365414356,0.08424567271296937,0.24272906242278708,0.28050038940947164,0.3241704794257611,0.29390262715850535,0.32336291848230214,0.32465879970693834,0.306867154130912,0.30371701822332203,0.2430687299841576,0.06885493472266555,0.2910998521042545,0.302754305843764,0.24884810885109035,0.23818765108093334,0.2549760441295968,0.23891986504760465,0.23297899950785045,0.24869718327047985,0.22761503135455383,0.19347504508806562,0.22271323627514827,0.20304908497224422,0.21827366146733138,0.23365468496247832,0.256410929584832,0.2413559702210449,0.2216880365075759,0.2462175339442197,0.2444244473160678,0.24803922553191643,0.2400378493125046,0.1996468630893403,0.22643588439269985,0.22385547398227465,0.21337254596771402,0.21797137546240553,0.23301796030938962,0.22999268835191378,0.23581262966478517,0.18941420519526736,0.22149679441247042,0.2086139717492615,0.21498903136625797,0.22679286364233825,0.21042143529221452,0.23914030378848208,0.22823609978141302,0.20948015384555274,0.23419022962629282,0.0941363906190278,0.24440891873420337,0.24589747817061924,0.24514880469734407,0.1947479721353387,0.19978682833541156,0.2502632247533858,0.1932772397019309,0.22093549891243427,0.22285350948306404,0.18403157767967465,0.20726859398450398,0.22965317832236254,0.222987698794344,0.20837605651102017,0.2226101524763287,0.224045025474026,0.22732523364952104,0.22151466742285053,0.21884511042142546,0.10409341238691597,0.21199223162798891,0.24864703736783728,0.21808949570410177,0.2134781164254467,0.21989844576924025,0.22620470096252568,0.22064421160607522,0.24920830210875416,0.20339139327453593,0.12539775107944184,0.22788954368785355,0.23718620056210468,0.24426553209696175,0.22373125562202506,0.2267208632955126,0.23143066976509827,0.21696523057263165,0.2813701720732822,0.2541957422961088,0.1939783340908032
0.12547692677843192,0.11495082824972948,0.14242274587042747,0.137916574925023,0.14934238363273777,0.9999999999999993,0.17741897944834628,0.1116630480500431,0.1594959773079638,0.06594849448136751,0.13774228983290926,0.14748371871464672,0.14760239313110118,0.11467357502019102,0.16701535610692542,0.13182864707330705,0.16914495816716169,0.1837340926232623,0.19141473494072275,0.05239307250770828,0.1465155277798012,0.1458609216705372,0.1336450742207721,0.16918825941061705,0.1649014841526104,0.16837184329960053,0.16706947019187113,0.15577670866413812,0.15995168934236043,0.12148561319251286,0.14930365010084246,0.15035259315558158,0.12253822497106902,0.19806248833222206,0.1831572607306839,0.15843405239600483,0.15226770810495283,0.14578815258538502,0.15915716274945482,0.20204254206323585,0.17712808246910566,0.1362058113114833,0.159935428820417,0.1437800676753202,0.16320494317259357,0.18132104323775422,0.15782722604014535,0.15878973051552386,0.14864816202661854,0.09476004325649372,0.18212987655506388,0.14975693103841672,0.15510662122918084,0.16413509086261985,0.19093583175205772,0.15673363754030614,0.14814370423497383,0.15092537711022003,0.1205839496740759,0.10971065285672969,0.17039031817656428,0.11820283089573472,0.12412880771911758,0.13972571024871622,0.14514279341933434,0.14706071714408625,0.13301565380973107,0.14313894476151023,0.12579543022295592,0.13641850024394858,0.16481816400605542,0.15330307131304233,0.15380481561975312,0.11477634945894347,0.14565912817558702,0.14735442958569978,0.1562986147167727,0.14494655600607842,0.13934518100666327,0.15646608623344915,0.13763375641730347,0.15552150012096952,0.1421164049258512,0.15167821511231758,0.16074761351980937,0.13761325178634815,0.14114073723712442,0.1541958702006837,0.1679429793280831,0.0988187174972332,0.16807529785689362,0.12253627835047518,0.1558992266985046,0.1431455909142134,0.14592704132772827,0.14972051127890937,0.1397772890962775,0.1248424648380779,0.13469016886991525,0.027273787497680738
0.11583104751828549,0.1779089988044128,0.18622761933703777,0.25352232634128946,0.4136097136280711,0.17741897944834628,1.0,0.05934502321580766,0.5012574408122146,0.04162282266419373,0.37492360946968994,0.39956695687044985,0.4363210524461798,0.43109394298914794,0.39919713630162634,0.3529642989370611,0.3595785409895978,0.3473224553943216,0.3398369472875866,0.07046716258944642,0.35097675411644597,0.35067020757443823,0.30471586513474636,0.2719118869244457,0.2971134687169278,0.2686477639503327,0.2859883150135649,0.29273895768292746,0.269032710052607,0.18468243554193578,0.24624754768592377,0.25439211685284524,0.23690860062207572,0.2746737560665654,0.28471566018986927,0.28612545587103133,0.27900426183461985,0.2825654786772038,0.2729690396018883,0.27687633936672834,0.27029575384410975,0.2713172108428993,0.2742424345797747,0.26696668743163976,0.28173263659711567,0.26895123958791867,0.2812575549594469,0.24923039943173075,0.2361067658877412,0.17282326597017572,0.24888465275328794,0.26155764881206434,0.2561212748345247,0.2853267623212692,0.2986829739051806,0.2798968053170887,0.2649862633008663,0.2657637001463924,0.2723117558742159,0.13069935279026287,0.2653105517720084,0.2603174211777085,0.27397223862052045,0.24781432495970526,0.2514579950166336,0.2820871475747354,0.2672928309166209,0.27960027784001945,0.26659345366304477,0.15890437251419773,0.2633859137256061,0.245114867054123,0.27508055523454755,0.25543405442127187,0.2668474987982457,0.24856060445630648,0.24555605681184176,0.2494443337684648,0.2654746245777937,0.1369435816327858,0.23350981816916916,0.24701183729017123,0.263026626014727,0.2547649878719909,0.23530809666320948,0.27892071016853237,0.25729566380709223,0.2737568834460018,0.22572694638641064,0.08681728173840474,0.2629754605653767,0.24706656005380595,0.23652057876157562,0.2627472174270738,0.2601870849221729,0.2518669798474953,0.25631609542745604,0.279549580360935,0.2764571540330659,-0.09907800018748494
0.07549781877216291,0.06681293645869948,0.10954714265634367,0.12492948911259756,0.0548853256865109,0.1116630480500431,0.05934502321580766,0.9999999999999997,0.052193958185956874,0.06809500052156439,0.0660600572891365,0.1203926339454692,0.10614985387923179,0.08846963435759181,0.1230245899966887,0.08445294140149096,0.08309796008386178,0.11513669700791254,0.11687440012628725,0.2782086471940458,0.0950205515507398,0.10553566332124073,0.11615800644329075,0.10708631912825686,0.1301432285333481,0.09532198177148322,0.11018490302550656,0.131540220833135,0.13511858379190575,0.12205342399699207,0.08036155526476113,0.08063364382957956,0.09003283842589672,0.08996516590275869,0.15145212902970875,0.16164227475196002,0.16895383441352602,0.16942164509840638,0.16150343582140905,0.13801546712642124,0.08962420933723889,0.1322292907531543,0.09033989872799976,0.13382372301314904,0.16403904560267285,0.10161280614509571,0.14482617981171372,0.16631850269994486,0.14600909831635284,0.21016174195356618,0.11306421244137908,0.11534967663439388,0.12877172681136875,0.1351274928153805,0.1511838572357533,0.17131181698391967,0.13918012094076077,0.12789468239449808,0.16592960649868627,0.15233252827258992,0.19200178281094799,0.15726999779719492,0.1339217791275579,0.1401794557405349,0.10368373090111853,0.09158361658759065,0.10696335432505397,0.150757945947336,0.1393064612157886,0.24854541076050263,0.13235962100090462,0.09415649615854153,0.08410345343283367,0.09692547733557222,0.0865800917808113,0.10683848335688798,0.12257174199727004,0.13460443783482132,0.17925049425710382,0.139561586953185,0.1106160493995835,0.09656756601448716,0.0837390682147938,0.1214784507067447,0.13334652360530524,0.08228302738453735,0.09342378622564601,0.0958460455110561,0.15327956086238317,0.28733181262722907,0.09402885917338302,0.0915102544643681,0.09509144392366875,0.1396795690195198,0.11258854917302277,0.13536278062209078,0.08584223983107579,0.1310183912066216,0.10432848788754823,-0.06980086199463235
0.09360747588165523,0.16311441177668978,0.10978819856290839,0.17466860357629857,0.31857327365414356,0.1594959773079638,0.5012574408122146,0.052193958185956874,1.0,0.132310199644165,0.53065011601995,0.49413696371030413,0.524742036063179,0.5466982032248437,0.5075651318319001,0.4594611011962477,0.4692945277310074,0.43897755523593357,0.38691444161456456,0.12468321906448351,0.39872760107095073,0.40416644325023254,0.3529926699459929,0.33086086379191565,0.271965452272762,0.2607979784569959,0.26353762141183423,0.2879628019496471,0.3081698797426411,0.19929883986442926,0.2887666422790681,0.24355552344841114,0.21363576765244766,0.25645505014453573,0.2794430452680242,0.26304906215594814,0.2505404640140407,0.2699600697634906,0.24452097851079685,0.22987832757338583,0.2582929773310184,0.2647613428244813,0.2436606894881883,0.23934564485717597,0.28352505828651764,0.24868349222272285,0.2583187311631073,0.26221333755772,0.19156895550435651,0.13100460227385474,0.2504728606684244,0.24655999125126365,0.24895356873484564,0.2678887253189899,0.2837386451494609,0.2710356208284933,0.2573256319087377,0.25146828474875194,0.24048616927231714,0.13840470403384963,0.23850260875912682,0.22383498883388886,0.2671073679706938,0.2576136751245476,0.22745427655435518,0.2499718069338411,0.2236062910072324,0.2520016019814889,0.2326065097371124,0.1697564535548241,0.27158421380209485,0.21128889218623714,0.2576339069086499,0.24493511823240693,0.25374360270719976,0.23431585903729749,0.2624680538874611,0.24650028039482225,0.2714523129951851,0.0465877634985424,0.24141982923580124,0.2290132369407377,0.2566542625961449,0.23687408331192245,0.25809933942077384,0.2816152211188575,0.25114680199997164,0.2724291841793862,0.26474946098276186,0.07131976953961273,0.24687821138514698,0.2389027427177801,0.2432861934357078,0.24664881395401336,0.25944875008306245,0.2727691489078625,0.2556468821641894,0.2579496565141412,0.26707248539871853,-0.05499780291742214
0.0684129367083408,0.07732304966556883,0.1035267604172064,0.08636934841640795,0.08424567271296937,0.06594849448136751,0.04162282266419373,0.06809500052156439,0.132310199644165,1.0,0.11685860416766586,0.10664935559962314,0.10274123679693198,0.13141764714267357,0.11068890378222512,0.09326849316002679,0.1576917992176678,0.10006929402118847,0.1266496123163013,0.1373725720013243,0.10076494139572503,0.06963821803361184,0.0842822541489493,0.04638624040676868,0.09026025466529863,0.041595036060328855,0.09259921871291045,0.1497313750192362,0.09100346539960313,0.1326158967313405,0.06835270225036832,0.11483578716581244,0.11012356579505386,0.11259375802559685,0.094432899584414,0.12160366984692338,0.10794871868109676,0.09228881618905972,0.1796861557408139,0.1729300809067984,0.0906579611762514,0.1294251318714801,0.12065158044040537,0.1159059074264937,0.11774774855065258,0.09459210063278974,0.12330679109617815,0.11393120315388008,0.315789278590751,0.180202811417752,0.08506203693253186,0.0990794999730491,0.11341512442437726,0.1404964936480087,0.11146082751816203,0.10243036811698436,0.1287216980322213,0.08248869752834187,0.13474485758877994,0.18913643400531555,0.16495170530625952,0.038857433349577024,0.15843627588767928,0.0817032687769607,0.09664510451765734,0.12588542076058007,0.13868743940618844,0.12934491453021266,0.09462567449745532,0.1577394943197565,0.09578359195189216,0.08992494410488648,0.1119854103219054,0.1070976659996115,0.11059167958112337,0.06748871662925562,0.12311726986119262,0.1416291435981489,0.1195228234873078,0.17376940925487758,0.1077020435922697,0.13728498599198743,0.1430938638034691,0.08133834523683907,0.10574567190025741,0.11272158523537884,0.11843397162602384,0.10543870830262426,0.09499334799391142,0.10141768203534492,0.12128104394959485,0.10672991618903613,0.10721077928782011,0.12084238997373983,0.09612120473477742,0.08739932214980076,0.09071528379705213,0.12566923351479445,0.12766317465010615,0.14591152470312577
0.10540954020570723,0.14502064224455857,0.13788833586810456,0.2104156599012579,0.24596112892910355,0.13774228983290926,0.37492360946968994,0.0660600572891365,0.53065011601995,0.11685860416766586,0.9999999999999999,0.610505027700828,0.5748015348624583,0.6080268341109079,0.5793811266311354,0.5270013318685554,0.5165103380396997,0.4742356814304547,0.3851624368702522,0.09337263050383758,0.4604475725112671,0.4844904493807626,0.4184677285770245,0.39356328695449944,0.3148736613102963,0.29875122015624844,0.285016131893499,0.32006386483635324,0.3173450515565551,0.2875545415681181,0.35707185429761623,0.2708096441755172,0.2723071277475749,0.29029409995546807,0.2880921046280577,0.24607647730102764,0.2655030060683258,0.26410756814184366,0.2486363581469296,0.23885826983466363,0.276261952815679,0.2776005946968084,0.2752882987395844,0.2715537710039545,0.27530150965752775,0.2544951623902065,0.26688252206014546,0.24214919639646182,0.25567239667117087,0.16030774272486037,0.3162944580741887,0.2809725017658572,0.2706750808393482,0.27707181670072867,0.2731260199556531,0.28946984149559907,0.2558903988719733,0.2554742949260509,0.2607721554262139,0.09475325058735133,0.2787925335258052,0.3107199927860407,0.28702699241747565,0.26126074130372934,0.25287724709061654,0.23869722988426045,0.2609601513428792,0.251059421919207,0.2469696122879029,0.17626412652731138,0.26663710719594347,0.26670318383172975,0.26149152515511087,0.25519835931528456,0.2789828615859593,0.2562346283441064,0.2756069393037588,0.2784885834552432,0.26193685699242797,0.08434920130610309,0.2673200197132266,0.27353408100375537,0.2844402003170131,0.25605713922265716,0.2785073218566707,0.2712614671644875,0.27368911788380945,0.2777886965644163,0.24507186232478373,0.1393963568656979,0.27248583260574594,0.2554362446938139,0.26255896404891244,0.2802479064273532,0.25179657545877987,0.2676301627865878,0.2793608452153483,0.2561876280335344,0.2686375088272603,-0.04557700363604863
0.0908112624445485,0.15914924365582472,0.14560615849454467,0.19661637080274252,0.28050038940947164,0.14748371871464672,0.39956695687044985,0.1203926339454692,0.49413696371030413,0.10664935559962314,0.610505027700828,1.0,0.6455001271322811,0.6592080935497251,0.6240471072548442,0.6042077539817037,0.5709198502867627,0.5321728780619672,0.4409930330584684,0.12219881789972362,0.5586545647730847,0.5606553487828048,0.49607941304885134,0.4783428024701383,0.43892014470198815,0.41341227545396936,0.3732870018518208,0.3944536067751543,0.369983065766267,0.35861370514021373,0.45984633974149824,0.3825640603187108,0.35732072018131245,0.372877946821437,0.373122150168911,0.3632617486524892,0.3510992657472659,0.3450786447815395,0.3434814178475993,0.281223385426506,0.34394398759133504,0.3466220666178509,0.3542224310325841,0.32927292341615744,0.33609627146665266,0.34647431434627957,0.3515563366906013,0.31371796548385666,0.3336885577403552,0.1649475659040557,0.367544676206882,0.33625489341230125,0.33700777574444685,0.3479187895436283,0.34780747076135043,0.33709646180104047,0.34205534207762145,0.32379240465083997,0.3421394186175909,0.13836788799673147,0.3145916145005079,0.40853619481040093,0.39389614370315407,0.3233274629257187,0.31236092829241924,0.35045241150058704,0.33799127431857445,0.3993900765236289,0.3353781655992172,0.19076543529536238,0.31424064457715584,0.33657541477695657,0.3437864218667357,0.3437340991988228,0.3409927669581002,0.3359201587837697,0.3320900186427004,0.32247472797346666,0.31347235441239574,0.11065822098363656,0.3087662158104385,0.3116007723399614,0.34374298038731466,0.3175820366538168,0.3375981064342772,0.35427551868617735,0.36069596399495896,0.3673901124053716,0.3496531988929227,0.09648506161170589,0.3388307548966125,0.3278285533384194,0.31124544788084474,0.3224300331978014,0.3199022889273293,0.34525971140832623,0.3279929239824254,0.36634052508593806,0.3602853063364704,-0.06405631343852544
0.13425805137630267,0.1899442199593206,0.19004790352690576,0.2574071748428257,0.3241704794257611,0.14760239313110118,0.4363210524461798,0.10614985387923179,0.524742036063179,0.10274123679693198,0.5748015348624583,0.6455001271322811,1.0,0.6622709268842353,0.664609381322359,0.6373723685586532,0.5740364667100035,0.5205617171023658,0.46469025921747037,0.09667423538968636,0.5325132425851007,0.5637156423347718,0.46021971116993904,0.4473321645783259,0.4057961753030435,0.38229572640566345,0.3499230993811256,0.39996478313514217,0.36624651445315615,0.3214842032634992,0.42804686882761345,0.3504790239120899,0.3565184864408249,0.3626639942334199,0.3772617144396349,0.36234101417808895,0.354794646384327,0.35047458549713634,0.3615800340830193,0.313401759368632,0.35368183414100574,0.32516968551638625,0.3569108094444798,0.3679888561675779,0.36065444900805366,0.3450623954289948,0.3765134695309408,0.3580602803864952,0.3417149596133735,0.23464915574004738,0.3949981959086434,0.3478075067815994,0.35738881175197135,0.3436961432800751,0.3693281546442493,0.39505370560742087,0.35541127753360463,0.34482336581638035,0.35414854015159675,0.14490466966625706,0.38706286109072485,0.3732379450997102,0.4005015705320027,0.337839712143585,0.33385020747660865,0.34932566675079774,0.3446841445702855,0.35084048863550577,0.3498592834324228,0.18502143849804514,0.3541237368882835,0.35074733233278627,0.3692863404903607,0.3297301993124783,0.3670825045147112,0.3342778567898587,0.3652671007267466,0.3607100375785016,0.37123347062747913,0.0543351308634194,0.3005029692465107,0.3546928441606589,0.3328470940603848,0.34736994930936443,0.33678886671388286,0.354975391581311,0.34904915947057813,0.37316729304739,0.3054447408341763,0.15648427379606097,0.36350352246110496,0.351559879991023,0.3435053256513986,0.3601099699051669,0.3467961981919043,0.3315488299018295,0.36057717816674056,0.3796802887578189,0.371486244312595,0.19690796332505656
0.11782721401212293,0.16670001403886936,0.17130675239600135,0.2306331384658045,0.29390262715850535,0.11467357502019102,0.43109394298914794,0.08846963435759181,0.5466982032248437,0.13141764714267357,0.6080268341109079,0.6592080935497251,0.6622709268842353,1.0,0.6644463337597639,0.5805765992420053,0.5202560730388972,0.4677810611806979,0.4074143143583875,0.09432403524074535,0.47605027391592614,0.4944970070724312,0.44524602362052523,0.4213551812842552,0.3592843908152861,0.3414896026949748,0.28872526467333437,0.3533528311224363,0.34450451884500377,0.3505578274680324,0.38815013110316043,0.29821902402032996,0.2968907827647786,0.3043636283090402,0.30527078131306823,0.3085635881649093,0.3083284964414673,0.30272137255116394,0.2969171058064379,0.2411295367817411,0.2994056747135642,0.2957627633174299,0.30135235387142484,0.30509217133244165,0.3107999077900556,0.30705827129437313,0.3235634181079242,0.2865151246705707,0.285353872618307,0.15018263317115546,0.32320769805793714,0.2958616152966521,0.2953000662026418,0.30621186543382917,0.3151830375920554,0.31519989252289937,0.2801295285994617,0.28700983809914105,0.2872350613016992,0.12341993588586042,0.30310770352113114,0.33365458165905454,0.3450985739725434,0.2831211296033551,0.25815094683959794,0.29875288752496976,0.27706426061884554,0.3141912204521896,0.286150380435771,0.16744709402003344,0.293136889554874,0.26636683375702136,0.29100172006368513,0.27255105286255615,0.2930128181694178,0.263537176930563,0.3006577477129058,0.28602391997879273,0.3049856772088516,0.1104641443253414,0.26159464480578765,0.27228984718655114,0.2736298882570838,0.27287120321392105,0.29988179875262877,0.2876497588312459,0.3226245333039932,0.32903449300313437,0.3096620617005913,0.1378638801200014,0.27211980788431933,0.2875849627224584,0.28965738215275855,0.28565400775551913,0.27944208031778167,0.3136333229287849,0.30948378794722353,0.3057382024615808,0.3274499643845621,0.053975972325902434
0.1782071856539037,0.21667297611365566,0.19839908548492802,0.2457485896446567,0.32336291848230214,0.16701535610692542,0.39919713630162634,0.1230245899966887,0.5075651318319001,0.11068890378222512,0.5793811266311354,0.6240471072548442,0.664609381322359,0.6644463337597639,1.0,0.639965284583301,0.6004822218600647,0.5250593425742093,0.46914558962412756,0.08353242304987192,0.5435533611697847,0.5601675091552833,0.4790370728918486,0.48670093891345423,0.41444707999943214,0.3694932048224781,0.3387053801729494,0.39431522993225265,0.3791799285223084,0.32435882080630063,0.45469177945245265,0.35726533216238665,0.3327594056410671,0.3486003497743725,0.36888164451339717,0.36549197180216486,0.34627671261683257,0.3426079731269959,0.33039768745194376,0.3233499834086006,0.33526675380809745,0.3298210427826852,0.3449649017265631,0.34295673016326483,0.36122598427438674,0.33784251939945964,0.35043648151697365,0.32146302125839166,0.3282692906836244,0.2273388319015377,0.40206971428488814,0.3345222878498275,0.3485068791172621,0.357156684557153,0.35694392592542,0.38140437944598105,0.32842741018583477,0.32030352506498083,0.33071853057365364,0.13121534844804536,0.35243375326555415,0.3774546204426418,0.4258536712091002,0.3340803102329542,0.30349381894033234,0.33552788716733256,0.323389235905948,0.3729601942412346,0.32264187525138566,0.20771594899898632,0.32833311950423605,0.29818608968196897,0.3528773359749602,0.33194779655202106,0.3509764506427001,0.32371085692613477,0.34233721897852387,0.35247479996321696,0.3618272789831668,0.11230345743082217,0.30118226026688455,0.32030274387840474,0.342070061287571,0.3299714572755724,0.3669682782008797,0.3299968927660387,0.36099138442084255,0.3625598583729511,0.33077128678560896,0.19178207123754676,0.31933102271411307,0.325427688350348,0.3274603492984838,0.3277672022774099,0.31929717210194614,0.3339042740666387,0.3500181500625571,0.3563176993415017,0.38762188797500635,0.17325802344608798
0.1571197667630786,0.22529979940338485,0.1976946535885912,0.2627976096159468,0.32465879970693834,0.13182864707330705,0.3529642989370611,0.08445294140149096,0.4594611011962477,0.09326849316002679,0.5270013318685554,0.6042077539817037,0.6373723685586532,0.5805765992420053,0.639965284583301,0.9999999999999998,0.708657439627489,0.6469208346678149,0.5377129434843113,0.1452551207398905,0.6278417994238024,0.636341210475312,0.5396000192692951,0.5185037432637095,0.44310049921623107,0.4082914007512631,0.3796224922718654,0.42660815126980833,0.42342509913172,0.37497875326101404,0.48089412928781317,0.38699308941607946,0.3570649228292924,0.37828362802730486,0.402158510677615,0.39818850249478777,0.37087520096847093,0.35788795452251265,0.3721247769984541,0.3070349050168822,0.33915699987525716,0.3140006594400739,0.342950896916027,0.3377965182688082,0.3206773625763708,0.335621227334604,0.33650133238362306,0.32080817358334224,0.37886122036799974,0.2325170449706196,0.41251050303103975,0.34750975799407435,0.3516824773655603,0.360585509619747,0.35104060834587447,0.35188322390110405,0.3420986732240168,0.3157584349918753,0.34024168902325247,0.1203540167226496,0.36597076890834856,0.3936494268573232,0.4242563854908028,0.3314606386441057,0.3118774649503252,0.37349161187612934,0.33928674352472454,0.3834925263738398,0.35099942516699534,0.18003595048781296,0.32788149543855705,0.33047439557182834,0.3441974071431764,0.32869928609690807,0.3468219317711929,0.3388145261750489,0.34456905251593895,0.3409146445554594,0.3486998838819354,0.12588824145451138,0.2985275856417463,0.3460322054301195,0.32892979700592795,0.3149076609957788,0.327433789708611,0.3572600066254651,0.36818359425639124,0.3882326002593033,0.3423829584504864,0.14296985291505043,0.33436254674044297,0.33994741737823797,0.33705793776369053,0.35488396000745315,0.3519849377093704,0.33000181907900805,0.3466303242878541,0.39663741967094035,0.39396604445700767,0.2053138953893633
0.1426919247650859,0.20236169092984424,0.18172979628623656,0.20607949174170637,0.306867154130912,0.16914495816716169,0.3595785409895978,0.08309796008386178,0.4692945277310074,0.1576917992176678,0.5165103380396997,0.5709198502867627,0.5740364667100035,0.5202560730388972,0.6004822218600647,0.708657439627489,0.9999999999999998,0.7000764384662859,0.6055781082738338,0.1108202433558559,0.6728190539959389,0.6781609753389777,0.6148017060866408,0.5466460095749226,0.4557658473204008,0.45701088646450544,0.44276614293293304,0.46007463004151244,0.48153560841580034,0.4065193503058869,0.543508198288966,0.43463703795780606,0.41155916409546073,0.41552653617726987,0.407160731523898,0.3933369792608704,0.40398116679457213,0.38821467723084374,0.38614813959911287,0.36185591475723633,0.38683873480689435,0.3596945571224538,0.3840216526379149,0.364163745574966,0.3619782251468971,0.3758903046337424,0.3611094735374216,0.33719532749902636,0.40229777133047956,0.2391359145388627,0.4575609189686913,0.39938096465002093,0.3905784197632101,0.3827599228575903,0.3879257890725888,0.3684618897223989,0.3887293836488529,0.3542749870789652,0.3629623384258663,0.12671926940365807,0.3737991012290306,0.42057272119081546,0.46340309784397177,0.3636858335975719,0.36473412936302707,0.3689947506689132,0.3699036767680131,0.42923111268315195,0.3970796293515113,0.2114915372427686,0.37165008394196336,0.37243733017001307,0.3826117623373332,0.3658180495324828,0.38261112891247523,0.3638295846907779,0.3698307652489858,0.36441358268258595,0.3425204105792219,0.09781582740609815,0.3501685663642372,0.37110515042002595,0.3556966642340444,0.36993747132414123,0.379525017900588,0.3836570812422553,0.40276925014943676,0.41482642487496224,0.38028103141047237,0.1782821087785254,0.3573447613870897,0.37429959351952724,0.4027549408303701,0.3807923139136289,0.36625637629353913,0.3774220118045904,0.3650782678960319,0.4106092763293434,0.4064199835707716,0.217135133963739
0.16129720898584463,0.19985128973272445,0.14135643160393144,0.20123304386830715,0.30371701822332203,0.1837340926232623,0.3473224553943216,0.11513669700791254,0.43897755523593357,0.10006929402118847,0.4742356814304547,0.5321728780619672,0.5205617171023658,0.4677810611806979,0.5250593425742093,0.6469208346678149,0.7000764384662859,1.0,0.706540600901272,0.051068152354390633,0.71391800884009,0.7189764693781344,0.6498622510856248,0.6284311164225415,0.5190123245713189,0.5320570917979127,0.49790025160146445,0.5184615696615568,0.5077190987538142,0.47476261918735657,0.6251580560184751,0.4945254446343236,0.4703723787255008,0.4787229882197219,0.4701714459836864,0.47535949473911104,0.4464019653161939,0.4592304399011108,0.47854622936516344,0.37213087737229394,0.46317127150936355,0.41573554685566927,0.4243658444735585,0.42042746611343507,0.4192643712949171,0.4023731741139391,0.4133217269544467,0.413810660409355,0.44868338316214806,0.1830875092341781,0.5118664928173156,0.47026563500351864,0.44149266847073154,0.4547925083819937,0.43891512241934083,0.42796458418062067,0.44966459824513444,0.4262857402762557,0.44315975434641186,0.13387338838864216,0.4046172875645866,0.4829141842744459,0.49504495102369794,0.43730405225156965,0.43216066236041206,0.4643663514492695,0.44597024376076666,0.49794148608035255,0.4608722613096198,0.24714334079617167,0.38662164181844116,0.40526942923395975,0.44073313857234153,0.4310197473034311,0.4200958493672271,0.43544192474198734,0.41160676351682124,0.4338145076382951,0.40409435243505365,0.10362710185063373,0.3960835101152843,0.3890947551451592,0.41625695953730696,0.4001923075772051,0.41079055651573904,0.4371966333131476,0.45800560035116394,0.4569031647465539,0.42731458187045046,0.14590382179890427,0.39112752978828325,0.40655145005113946,0.3703907784797921,0.4067350692709577,0.4069528917464714,0.4038562458485408,0.40361470828326423,0.43370965808468187,0.43531476285484727,0.21524842304600844
0.12989385764947925,0.18809511454984346,0.1796035936599299,0.1831251215475419,0.24591207287072042,0.19141473494072275,0.3398369472875866,0.11687440012628725,0.38691444161456456,0.13133441617945546,0.3851624368702522,0.4409930330584684,0.46469025921747037,0.4074143143583875,0.46914558962412756,0.5377129434843113,0.6055781082738338,0.706540600901272,1.0,0.727915989507827,0.6300180620405422,0.6203141554649848,0.5951832334271263,0.5654931387311395,0.45938904671497327,0.48521646589372003,0.4631541175080644,0.4774150798672019,0.49383037581216194,0.41288636210661506,0.5466955312777734,0.43296883256262664,0.4371599445970478,0.45356162677690615,0.4514430089057382,0.4438049553675204,0.4363852620192875,0.46157819093654967,0.45549561057679966,0.32177930495835416,0.42308739156343855,0.39559614965605927,0.40558877485431466,0.3888455350468644,0.4030609620883908,0.40232875205593577,0.3851731285252472,0.40299303791857044,0.4383666177352841,0.1501571190187339,0.5076159215397593,0.43132526690764406,0.40514910739167664,0.43036659274348354,0.4451021915862181,0.3940255739418346,0.4226541042450713,0.404572248674992,0.4255489383997241,0.13198679820717005,0.35414364016294586,0.4336499509882652,0.48380850079876997,0.4174046011024853,0.3780293563663478,0.4327297834189483,0.40132673119673645,0.4351865607700782,0.418361785450838,0.19555205064778192,0.3898989811760071,0.37669557378230833,0.40750771719731554,0.39605253009862434,0.3890701034758226,0.4038404008943475,0.3895306001402893,0.41989584937220326,0.3827243598610286,0.0988610772920413,0.37918490798058646,0.37826748379526043,0.4004023048070254,0.36601986883140564,0.38555875046799404,0.38191641317831,0.43771484086482915,0.4290623055163838,0.4015350222804373,0.4251202950103563,0.36676830403253413,0.36479515173914046,0.3685771027559914,0.3829669744949171,0.37742412094966266,0.39344892243597884,0.39887268479072363,0.3985499929404532,0.41057583997208724,0.19861071195012753
0.048331889761183744,0.06237200614290468,0.12893773135259234,0.12883803089186205,0.06885493472266555,0.05239307250770828,0.07046716258944642,0.2782086471940458,0.12468321906448351,0.1373725720013243,0.09337263050383758,0.12219881789972362,0.09667423538968636,0.09432403524074535,0.08353242304987192,0.1452551207398905,0.1108202433558559,0.051068152354390633,0.727915989507827,0.9999999999999983,0.07880818917129045,0.12580049263688764,0.10376722889914408,0.0858181982021652,0.09354833729571596,0.08835147791351658,0.15409076675311806,0.06839645969651018,0.14975240556356795,0.13266954359042685,0.08831828350372313,0.15526902442622997,0.16954872621979986,0.15251432243241353,0.10621302680499706,0.14602331396688983,0.08601824245921263,0.12078959551261705,0.15540430707078198,0.06677440183842402,0.16291576651580345,0.09004583808250392,0.1112441972035032,0.09951006614684413,0.11463335152417312,0.09744272027659137,0.17233804210317252,0.1772705313473386,0.40466855615693587,0.2612938468103317,0.16825625617424228,0.12455539950705896,0.15702760663485382,0.08515310416424762,0.1171306596748781,0.11867702947116812,0.16435915557735187,0.1234913948844697,0.1440262900001626,0.16206084185241187,0.18231289134984108,0.17250872503101145,0.11409252521247357,0.16801970593850257,0.163421655229829,0.14231000942795122,0.10902487141751667,0.16822313742181405,0.1675887302022453,0.13682466931000006,0.16239632473169988,0.16085904418324873,0.1264851346422328,0.1248369711796049,0.15861324977040983,0.10312601355578632,0.1244459835742435,0.1009358143148266,0.1860294682582755,0.18457105220544873,0.09104308681534964,0.15963236555121751,0.15870026788717478,0.15013564228675413,0.10872525820560398,0.09822287062031586,0.10096883072970575,0.1537228994661919,0.3127764149971225,0.2759671997825831,0.1638793670531335,0.10006202659708063,0.18026251154200656,0.15662596026630154,0.14784009536352835,0.14920320329624773,0.1686141548402429,0.10205515510732069,0.08539473091539893,0.13958299980600028
