0.0,0.390016,0.433536,0.420928,0.488704,0.519936,0.539648,0.446208,0.50272,0.53984,0.500672,0.515648,0.483008,0.46816,0.532288,0.431424,0.466112,0.467072,0.548608,0.480064,0.5696,0.451584,0.446272,0.459456,0.449088,0.461376,0.472512,0.486912,0.49856,0.471808,0.524096,0.497408,0.466112,0.503808,0.448576,0.467904,0.452544,0.487616,0.496384,0.4161739130434783,0.466944,0.454784,0.511808,0.474752,0.528512,0.472128,0.468544,0.492224,0.533632,0.48896,0.46272,0.477568,0.458496,0.488704,0.486912,0.49248,0.497856,0.488512,0.473536,0.487104,0.514624,0.4752,0.480192,0.447872,0.455168,0.491456,0.514304,0.504256,0.43968,0.477376,0.441536,0.46784,0.528128,0.463424,0.459136,0.467904,0.472768,0.495936,0.5488,0.519808,0.528896,0.445248,0.541504,0.446592,0.511104,0.457856,0.487872,0.503104,0.481664,0.448896,0.421376,0.453504,0.52256,0.495552,0.468608,0.472768,0.540992,0.472896,0.488192,0.525952
0.390016,0.0,0.390016,0.384192,0.448896,0.504704,0.468352,0.448384,0.520448,0.508544,0.495552,0.477184,0.517312,0.515328,0.486976,0.502336,0.520192,0.487744,0.488192,0.503744,0.47072,0.557184,0.46464,0.484672,0.492608,0.470912,0.493696,0.474624,0.47264,0.5203076923076924,0.491008,0.464192,0.484096,0.472768,0.465792,0.485632,0.458816,0.511168,0.486976,0.506304,0.446528,0.452352,0.488192,0.455552,0.449216,0.450432,0.458944,0.467904,0.463744,0.509952,0.437952,0.459968,0.478656,0.512512,0.495296,0.486272,0.472192,0.507584,0.51936,0.462912,0.433472,0.499968,0.486528,0.45856,0.4784,0.470848,0.511296,0.521216,0.467328,0.506176,0.45568,0.470336,0.479232,0.499648,0.506176,0.469376,0.49152,0.522816,0.491072,0.542912,0.46592,0.43456,0.468992,0.467648,0.462528,0.49472,0.468288,0.49216,0.457472,0.504192,0.479488,0.484928,0.467008,0.510528,0.479168,0.459136,0.422016,0.420416,0.467136,0.4382962962962963
0.433536,0.390016,0.0,0.422464,0.421568,0.472384,0.51072,0.4624,0.473728,0.464,0.486912,0.497472,0.526912,0.511168,0.441536,0.527104,0.471488,0.509184,0.53536,0.49152,0.48992,0.442048,0.446336,0.506304,0.472192,0.482496,0.473664,0.487168,0.454784,0.4665,0.4768,0.495872,0.467392,0.474112,0.452672,0.518208,0.488512,0.436096,0.500032,0.487296,0.482496,0.464832,0.443456,0.48928,0.51264,0.446976,0.462848,0.481344,0.478912,0.462464,0.440128,0.475712,0.492032,0.516352,0.454016,0.409728,0.481664,0.431616,0.460672,0.452672,0.516544,0.473856,0.513984,0.462208,0.518592,0.477504,0.456448,0.521856,0.45312,0.4878823529411765,0.456128,0.4432,0.451008,0.475392,0.466944,0.46432,0.500608,0.436416,0.406016,0.503936,0.494464,0.444544,0.461824,0.445696,0.496384,0.49664,0.488448,0.51168,0.515584,0.44576,0.499008,0.516736,0.484096,0.475072,0.451712,0.464384,0.4592,0.494848,0.458112,0.4854453781512605
0.420928,0.384192,0.422464,0.0,0.405632,0.4848,0.377344,0.513984,0.405632,0.421632,0.482944,0.486976,0.46528,0.478912,0.481152,0.462208,0.48128,0.483648,0.416128,0.479808,0.45152,0.485184,0.4416,0.477056,0.471552,0.440128,0.47328,0.456512,0.488512,0.465472,0.439744,0.50688,0.497216,0.527616,0.450048,0.544,0.427712,0.485632,0.430144,0.54048,0.492416,0.455488,0.486272,0.496384,0.45728,0.46624,0.47072,0.451008,0.437696,0.499328,0.461312,0.453632,0.438144,0.421504,0.473088,0.436544,0.447168,0.519744,0.441792,0.475136,0.473984,0.470144,0.451968,0.38976,0.448768,0.40192,0.465344,0.437888,0.481792,0.53248,0.45184,0.460352,0.432448,0.44192,0.423744,0.440384,0.52928,0.458432,0.475968,0.46272,0.508928,0.4864,0.442112,0.507648,0.494976,0.51648,0.45696,0.500544,0.50848,0.464128,0.469824,0.46624,0.52192,0.47168,0.49504,0.489344,0.47104,0.50304,0.475264,0.515776
0.488704,0.448896,0.421568,0.405632,0.0,0.485312,0.381056,0.461952,0.353408,0.597312,0.495424,0.419264,0.4688,0.43584,0.448256,0.433984,0.490304,0.460416,0.498624,0.472,0.471616,0.460736,0.443904,0.463936,0.436736,0.49024,0.519936,0.450496,0.520576,0.461632,0.45472,0.471744,0.47744,0.481408,0.453568,0.48736,0.489856,0.474496,0.475904,0.476096,0.492992,0.495616,0.461568,0.505152,0.480768,0.481472,0.524352,0.482432,0.497536,0.49792,0.531776,0.456768,0.520064,0.473152,0.4784,0.500928,0.49568,0.475968,0.504512,0.450432,0.468544,0.480448,0.466176,0.523392,0.515584,0.465728,0.452928,0.513984,0.505856,0.512512,0.475264,0.47104,0.497792,0.484096,0.512704,0.482176,0.487616,0.48704,0.523328,0.494528,0.506112,0.502272,0.475904,0.466368,0.48064,0.477312,0.460992,0.44224,0.46112,0.516672,0.515136,0.487616,0.498624,0.493888,0.466368,0.465472,0.473728,0.496,0.491328,0.49157142857142855
0.519936,0.504704,0.472384,0.4848,0.485312,0.0,0.468608,0.506688,0.459328,0.434112,0.512,0.475136,0.511744,0.509824,0.516928,0.501184,0.473664,0.471168,0.46432,0.544576,0.458304,0.524736,0.468416,0.489408,0.512384,0.456128,0.497856,0.465792,0.501504,0.525888,0.476544,0.470464,0.466688,0.422592,0.498624,0.485568,0.493888,0.504448,0.517248,0.5205,0.514432,0.475328,0.515456,0.4704,0.495552,0.46752,0.498368,0.517056,0.488576,0.448768,0.474304,0.461056,0.50176,0.501056,0.4944,0.465664,0.465664,0.498496,0.468032,0.49568,0.46752,0.479808,0.451584,0.519424,0.43776,0.468032,0.526912,0.48992,0.432768,0.471168,0.494848,0.480192,0.478144,0.494528,0.478144,0.520768,0.478144,0.505472,0.436928,0.416128,0.478592,0.479744,0.475392,0.498944,0.479744,0.536128,0.48352,0.513088,0.513664,0.417664,0.456128,0.458944,0.430528,0.514688,0.50336,0.493184,0.459328,0.504832,0.527296,0.482752
0.539648,0.468352,0.495936,0.377344,0.381056,0.468608,0.0,0.513792,0.360064,0.490688,0.41088,0.396672,0.382208,0.405056,0.392,0.403904,0.407552,0.37984,0.398336,0.500992,0.382656,0.411328,0.404288,0.440512,0.393408,0.469056,0.459712,0.378304,0.465792,0.482368,0.436224,0.427776,0.411456,0.44896,0.440128,0.436608,0.395008,0.465472,0.430336,0.465984,0.48832,0.465664,0.4768,0.46752,0.455744,0.454592,0.501184,0.44512,0.527168,0.524928,0.4176,0.497856,0.443776,0.447488,0.42368,0.513984,0.43296,0.4384,0.419904,0.484288,0.443136,0.427264,0.447616,0.448384,0.50112,0.435456,0.447616,0.430912,0.43616,0.475008,0.420736,0.451264,0.434624,0.41472,0.462144,0.440576,0.463296,0.457664,0.438592,0.4864,0.462464,0.438528,0.409024,0.431296,0.49664,0.464768,0.43552,0.460032,0.468352,0.509056,0.426304,0.442048,0.455424,0.39552,0.431616,0.438464,0.48192,0.445824,0.44512,0.43168
0.446208,0.448384,0.4624,0.513984,0.461952,0.506688,0.513792,0.0,0.494976,0.569536,0.46656,0.497344,0.466112,0.45472,0.405696,0.435136,0.465216,0.490496,0.511296,0.470656,0.435584,0.48544,0.491584,0.42304,0.501568,0.478976,0.46112,0.496,0.474368,0.463616,0.461248,0.5424,0.44832,0.513728,0.480256,0.533824,0.55072,0.466496,0.513408,0.487104,0.546432,0.516608,0.485184,0.507392,0.477952,0.521856,0.464704,0.454208,0.466304,0.479936,0.484672,0.4816,0.472,0.464768,0.497408,0.521152,0.469184,0.491776,0.500608,0.462528,0.492352,0.505216,0.464,0.490496,0.453952,0.528512,0.455168,0.508864,0.489472,0.5287710843373494,0.503808,0.499328,0.512128,0.484224,0.528576,0.496768,0.462208,0.499584,0.473472,0.517952,0.518528,0.466176,0.537664,0.492736,0.50464,0.511936,0.48512,0.515712,0.45888,0.476032,0.452608,0.554112,0.515776,0.442368,0.49504,0.502848,0.50272,0.4992,0.525952,0.526528
0.50272,0.520448,0.473728,0.405632,0.353408,0.459328,0.360064,0.494976,0.0,0.532352,0.379584,0.425408,0.352384,0.335168,0.3312,0.37088,0.339392,0.429376,0.421696,0.527936,0.427904,0.441152,0.382912,0.45024,0.490304,0.481152,0.522752,0.433792,0.425856,0.504192,0.41984,0.464384,0.417024,0.489664,0.556416,0.48192,0.476864,0.515968,0.516672,0.492864,0.490688,0.487808,0.559168,0.474112,0.5008,0.492416,0.467584,0.453888,0.548864,0.49696,0.488,0.492608,0.519808,0.421376,0.414336,0.525504,0.471104,0.470144,0.493696,0.440576,0.485632,0.49952,0.512064,0.468864,0.456768,0.545728,0.472448,0.525504,0.504128,0.497088,0.440256,0.515648,0.478912,0.4736,0.474752,0.460224,0.500096,0.492864,0.514752,0.482752,0.4672,0.466112,0.483072,0.504256,0.483648,0.499904,0.475968,0.514304,0.521984,0.516416,0.506496,0.5024,0.478592,0.494784,0.482048,0.447872,0.540928,0.485824,0.529152,0.46432
0.53984,0.508544,0.464,0.421632,0.597312,0.434112,0.490688,0.569536,0.532352,0.0,0.500736,0.486144,0.504448,0.46912,0.500224,0.51744,0.482496,0.497344,0.490944,0.501248,0.517312,0.454528,0.47104,0.521728,0.508928,0.525888,0.492288,0.454848,0.508224,0.452672,0.498368,0.526528,0.47936,0.510208,0.486016,0.50272,0.51904,0.476352,0.5506666666666666,0.461312,0.456512,0.549824,0.427456,0.496064,0.513984,0.46208,0.480512,0.498688,0.4332121212121212,0.491136,0.488896,0.514048,0.511424,0.487232,0.471104,0.54144,0.484288,0.485504,0.500992,0.495424,0.510912,0.478592,0.5056,0.437952,0.471232,0.51584,0.4992,0.504064,0.526976,0.48768,0.496384,0.465792,0.49696,0.528704,0.49984,0.4608,0.476096,0.492544,0.477568,0.482304,0.479168,0.49952,0.492096,0.462336,0.491968,0.491904,0.526528,0.464896,0.516544,0.485952,0.46304,0.457792,0.479104,0.514752,0.476608,0.524608,0.430144,0.540416,0.530368,0.429824
0.500672,0.495552,0.486912,0.482944,0.48256,0.512,0.41088,0.46656,0.379584,0.500736,0.0,0.340544,0.302976,0.31136,0.33184,0.376896,0.405568,0.3936,0.467136,0.510848,0.4048,0.384384,0.412928,0.408128,0.446144,0.46144,0.438464,0.476864,0.38688,0.4926868686868687,0.414528,0.443264,0.450304,0.452992,0.49664,0.454464,0.506816,0.52576,0.474048,0.455488,0.409984,0.460352,0.516096,0.522048,0.459136,0.486976,0.4832,0.454592,0.423424,0.460416,0.438144,0.469824,0.506496,0.46368,0.519168,0.513024,0.503616,0.499392,0.491328,0.51872,0.458496,0.450112,0.464896,0.485568,0.496064,0.470272,0.457152,0.472896,0.43136,0.478272,0.48352,0.464512,0.449728,0.48352,0.438464,0.473792,0.508288,0.451904,0.472512,0.481536,0.405952,0.413504,0.462592,0.42944,0.457216,0.432896,0.464128,0.476608,0.474304,0.501184,0.435584,0.46816,0.473856,0.472256,0.481216,0.466496,0.464704,0.475776,0.466304,0.504256
0.515648,0.477184,0.497472,0.486976,0.419264,0.475136,0.396672,0.497344,0.425408,0.486144,0.340544,0.0,0.363904,0.34464,0.339968,0.323776,0.35104,0.40288,0.50368,0.467136,0.401408,0.397056,0.36448,0.429504,0.399232,0.456896,0.472256,0.403648,0.424192,0.4423076923076923,0.413952,0.472192,0.429056,0.475904,0.462272,0.44896,0.49312,0.46592,0.482304,0.414208,0.50048,0.472256,0.417664,0.502336,0.495424,0.484736,0.517312,0.505728,0.448768,0.480768,0.476032,0.483904,0.47168,0.478848,0.50144,0.523264,0.489216,0.492032,0.487808,0.491136,0.484864,0.43552,0.401728,0.464064,0.496768,0.412032,0.446976,0.450304,0.42048,0.500224,0.531904,0.48832,0.481856,0.441152,0.483456,0.467072,0.510336,0.517056,0.510464,0.510784,0.478528,0.459328,0.451264,0.478208,0.470848,0.417728,0.4528,0.453376,0.44512,0.465088,0.441088,0.52352,0.449024,0.45696,0.462592,0.488832,0.491904,0.468736,0.42528,0.499904
0.483008,0.517312,0.526912,0.46528,0.4688,0.511744,0.382208,0.466112,0.352384,0.504448,0.302976,0.363904,0.0,0.307648,0.330752,0.331008,0.36736,0.383616,0.439488,0.474432,0.351744,0.372352,0.34592,0.407104,0.44928,0.49888,0.431616,0.47616,0.400512,0.46938775510204084,0.387968,0.434176,0.4416,0.472768,0.433408,0.478912,0.493952,0.461568,0.460992,0.480192,0.480192,0.477504,0.44032,0.471872,0.508224,0.502272,0.4672,0.470144,0.492736,0.435776,0.40832,0.442496,0.50848,0.473536,0.51968,0.497088,0.491712,0.500416,0.465472,0.476864,0.487424,0.449344,0.407744,0.460672,0.48,0.433984,0.428992,0.458752,0.413312,0.503808,0.47584,0.470144,0.45632,0.459968,0.43936,0.51456,0.50528,0.501952,0.477952,0.527232,0.454528,0.451264,0.502592,0.45696,0.5088,0.45792,0.497408,0.446592,0.47008,0.506176,0.446592,0.444736,0.456832,0.447936,0.449088,0.46336,0.431872,0.468288,0.437376,0.506258064516129
0.46816,0.515328,0.511168,0.478912,0.43584,0.509824,0.405056,0.45472,0.335168,0.46912,0.31136,0.34464,0.307648,0.0,0.259328,0.30624,0.344448,0.384768,0.450304,0.466432,0.359168,0.384192,0.343104,0.414272,0.409472,0.434368,0.53184,0.393088,0.403712,0.4404494382022472,0.38016,0.443136,0.405376,0.542464,0.456384,0.464448,0.405504,0.54976,0.491328,0.468224,0.522112,0.483968,0.5408,0.458688,0.477312,0.52448,0.517312,0.489408,0.500352,0.47712,0.44864,0.442048,0.527936,0.49536,0.48832,0.526272,0.518144,0.516224,0.453568,0.490048,0.542784,0.461568,0.411072,0.497792,0.49408,0.434688,0.511168,0.455808,0.499008,0.54848,0.502208,0.490304,0.527552,0.457984,0.486656,0.472,0.481792,0.482432,0.472832,0.512512,0.500096,0.523776,0.481408,0.474176,0.459456,0.565312,0.462272,0.487552,0.48448,0.485312,0.527104,0.480256,0.519488,0.490112,0.465152,0.508224,0.475776,0.4752,0.445824,0.48992
0.532288,0.486976,0.441536,0.481152,0.448256,0.516928,0.392,0.405696,0.3312,0.500224,0.33184,0.339968,0.330752,0.259328,0.0,0.335552,0.327808,0.375744,0.439296,0.528704,0.312448,0.370816,0.294912,0.35392,0.406592,0.449152,0.430784,0.417792,0.373376,0.46808333333333335,0.405184,0.42848,0.426176,0.435392,0.409856,0.4128,0.426944,0.522944,0.380416,0.477184,0.510528,0.4304,0.525184,0.481216,0.450944,0.448768,0.477056,0.471296,0.463296,0.4816,0.410112,0.44256,0.492544,0.45952,0.457792,0.515776,0.471232,0.408832,0.407488,0.47776,0.44896,0.443968,0.40096,0.43264,0.47904,0.478656,0.425344,0.40896,0.3936,0.511872,0.464704,0.507072,0.44288,0.436352,0.41408,0.42464,0.482112,0.444032,0.435968,0.482304,0.406784,0.449536,0.447808,0.490944,0.382464,0.420352,0.452032,0.4384,0.418944,0.467456,0.415488,0.46432,0.509632,0.42272,0.435968,0.432256,0.433664,0.463424,0.369984,0.44832
0.431424,0.502336,0.527104,0.462208,0.433984,0.501184,0.403904,0.435136,0.37088,0.51744,0.376896,0.323776,0.331008,0.30624,0.335552,0.0,0.244224,0.297536,0.369152,0.5301333333333333,0.34752,0.334464,0.31936,0.35552,0.385216,0.421312,0.450368,0.401664,0.373184,0.4479090909090909,0.34656,0.40768,0.404224,0.46336,0.404224,0.404928,0.429696,0.44352,0.446976,0.463424,0.494336,0.474432,0.438272,0.483904,0.4688,0.50848,0.470784,0.454336,0.45344,0.463296,0.402816,0.464576,0.496,0.475456,0.485824,0.44768,0.481856,0.47712,0.478528,0.494272,0.465536,0.445696,0.414592,0.470336,0.47424,0.429824,0.446016,0.45888,0.419008,0.476032,0.490432,0.443776,0.434816,0.444288,0.427456,0.465856,0.48032,0.478528,0.487168,0.515968,0.48736,0.454976,0.450752,0.468352,0.495488,0.448448,0.431104,0.461824,0.470848,0.51264,0.428032,0.466688,0.408704,0.46496,0.445888,0.503168,0.46336,0.431936,0.397696,0.554688
0.466112,0.520192,0.471488,0.48128,0.490304,0.473664,0.407552,0.465216,0.339392,0.482496,0.405568,0.35104,0.36736,0.344448,0.327808,0.244224,0.0,0.288256,0.333312,0.459904,0.290624,0.306624,0.289472,0.351168,0.381248,0.397824,0.42176,0.386816,0.345088,0.43225531914893617,0.339968,0.400896,0.387904,0.42496,0.399552,0.383872,0.413184,0.403072,0.404288,0.424128,0.444416,0.447296,0.410112,0.46016,0.436928,0.432448,0.47968,0.477888,0.449216,0.48128,0.362048,0.422592,0.467584,0.459776,0.45152,0.47616,0.463168,0.466496,0.459456,0.475456,0.45856,0.412352,0.357184,0.438592,0.437184,0.415488,0.43584,0.408512,0.418624,0.529024,0.46176,0.459008,0.429952,0.438464,0.438784,0.464128,0.425152,0.476864,0.460992,0.45952,0.465856,0.4784,0.452672,0.44608,0.429248,0.426816,0.40384,0.411584,0.477888,0.500032,0.452928,0.505664,0.440064,0.445632,0.432896,0.444416,0.467584,0.451648,0.375744,0.5504
0.467072,0.487744,0.509184,0.483648,0.460416,0.471168,0.37984,0.490496,0.429376,0.497344,0.3936,0.40288,0.383616,0.384768,0.375744,0.297536,0.288256,0.0,0.28416,0.430144,0.286848,0.25952,0.300736,0.321088,0.332544,0.399616,0.398912,0.3952,0.377344,0.4063030303030303,0.26944,0.349888,0.390976,0.39136,0.394112,0.356736,0.412224,0.410816,0.397696,0.456192,0.4112,0.398016,0.39168,0.402368,0.389184,0.415872,0.409984,0.456448,0.427008,0.502848,0.340992,0.377472,0.420736,0.38528,0.431424,0.373184,0.418624,0.443712,0.451648,0.469376,0.421248,0.376384,0.345664,0.37792,0.425984,0.3968,0.395328,0.393728,0.391168,0.463616,0.428608,0.410176,0.377984,0.37728,0.360896,0.424192,0.3984,0.42784,0.438464,0.44416,0.44,0.433728,0.37408,0.389696,0.4512,0.38496,0.378816,0.406912,0.466112,0.468288,0.408064,0.394432,0.389376,0.410624,0.410176,0.44384,0.387584,0.380672,0.37664,0.5393267326732674
0.548608,0.488192,0.53536,0.416128,0.490496,0.46432,0.398336,0.511296,0.421696,0.471936,0.467136,0.50368,0.439488,0.450304,0.439296,0.369152,0.333312,0.28416,0.0,0.24256,0.3488,0.368,0.350784,0.36672,0.34848,0.339072,0.37888,0.400512,0.411456,0.4103736263736264,0.370624,0.385664,0.3712,0.36896,0.400832,0.35744,0.32768,0.367168,0.349824,0.422272,0.40416,0.458816,0.43104,0.394944,0.386752,0.399744,0.381248,0.39424,0.419968,0.52288,0.351744,0.402624,0.39424,0.424192,0.399744,0.418112,0.369088,0.391168,0.361536,0.420608,0.435648,0.413376,0.323968,0.41472,0.41344,0.388608,0.400576,0.361856,0.364544,0.510848,0.399168,0.425152,0.36384,0.408832,0.371008,0.363008,0.376384,0.429568,0.392192,0.476416,0.453696,0.464768,0.387136,0.435968,0.447744,0.375552,0.372352,0.372992,0.429248,0.38666666666666666,0.411392,0.396352,0.448768,0.413248,0.368,0.401216,0.42464,0.385856,0.387456,0.547072
0.480064,0.503744,0.49152,0.479808,0.472,0.544576,0.500992,0.470656,0.527936,0.501248,0.510848,0.467136,0.474432,0.466432,0.528704,0.5301333333333333,0.459904,0.430144,0.24256,0.0,0.408384,0.416,0.427648,0.436736,0.470208,0.43328,0.47570247933884297,0.513024,0.508421052631579,0.507648,0.44256,0.529792,0.474304,0.4657241379310345,0.498304,0.47585964912280704,0.448512,0.45376,0.46624561403508774,0.474624,0.478784,0.43008,0.418304,0.466624,0.458816,0.467584,0.5096842105263157,0.5124033613445378,0.4758181818181818,0.458304,0.453888,0.4864,0.480448,0.516352,0.47232,0.46784,0.509824,0.444416,0.46589473684210525,0.468224,0.480064,0.481344,0.507328,0.5156,0.399552,0.494272,0.482816,0.4589913043478261,0.4676774193548387,0.47936,0.430144,0.433664,0.455808,0.450688,0.4427107438016529,0.469184,0.462016,0.462016,0.43935135135135134,0.445248,0.469696,0.491456,0.4845405405405405,0.488576,0.480512,0.470784,0.460096,0.47740350877192983,0.48785454545454543,0.445376,0.4768,0.45536,0.485248,0.492288,0.476096,0.480896,0.4788869565217391,0.44352,0.49088,0.46112
0.5696,0.47072,0.48992,0.45152,0.471616,0.458304,0.382656,0.435584,0.427904,0.517312,0.4048,0.401408,0.351744,0.359168,0.312448,0.34752,0.290624,0.286848,0.3488,0.408384,0.0,0.249536,0.254528,0.289856,0.348224,0.380288,0.379968,0.39936,0.349632,0.35352808988764045,0.325952,0.362368,0.353408,0.385792,0.386624,0.37088,0.3712,0.416512,0.37408,0.45696,0.39456,0.367808,0.368704,0.385216,0.388352,0.358464,0.404352,0.438464,0.471872,0.457472,0.321728,0.385344,0.392832,0.424448,0.424768,0.40192,0.398016,0.40288,0.39392,0.506304,0.384896,0.36352,0.364032,0.388352,0.367744,0.392768,0.396032,0.389888,0.39584,0.476928,0.366144,0.403136,0.356992,0.378816,0.384,0.38112,0.486144,0.412032,0.390336,0.474496,0.395776,0.414208,0.406208,0.400256,0.424384,0.390144,0.41344,0.39456,0.491584,0.512576,0.351104,0.407232,0.393792,0.40128,0.400448,0.407232,0.381632,0.42144,0.374336,0.554624
0.451584,0.557184,0.442048,0.485184,0.460736,0.524736,0.411328,0.48544,0.441152,0.507904,0.384384,0.397056,0.372352,0.384192,0.370816,0.334464,0.306624,0.25952,0.368,0.416,0.249536,0.0,0.265984,0.319936,0.370368,0.408256,0.403968,0.401472,0.373184,0.42448979591836733,0.3168,0.386816,0.375488,0.404288,0.42272,0.348672,0.390784,0.440512,0.429248,0.47744,0.386304,0.381184,0.396608,0.421312,0.389696,0.4112,0.456896,0.442816,0.460096,0.50176,0.371776,0.370368,0.435264,0.389184,0.46912,0.378048,0.427584,0.44512,0.446848,0.446528,0.414656,0.364288,0.363392,0.359232,0.407168,0.400192,0.391488,0.397824,0.443008,0.483968,0.399872,0.428672,0.395456,0.375872,0.388352,0.414272,0.4784,0.478208,0.464384,0.443712,0.457088,0.46336,0.40672,0.445056,0.469504,0.38976,0.389952,0.419072,0.468672,0.489408,0.422144,0.409856,0.457408,0.407872,0.39936,0.46208,0.435136,0.44704,0.399552,0.435776
0.446272,0.46464,0.446336,0.4416,0.443904,0.468416,0.404288,0.491584,0.382912,0.47104,0.412928,0.36448,0.34592,0.343104,0.294912,0.31936,0.289472,0.300736,0.350784,0.427648,0.254528,0.265984,0.0,0.28384,0.336,0.348736,0.34624,0.32576,0.330624,0.37564835164835164,0.253504,0.361792,0.371456,0.388544,0.379648,0.337024,0.374016,0.38496,0.37376,0.451712,0.385024,0.379136,0.365312,0.41632,0.386112,0.380288,0.451584,0.415296,0.382016,0.50976,0.297472,0.356288,0.386176,0.407808,0.424448,0.360512,0.423488,0.39232,0.422336,0.517824,0.379648,0.325376,0.30912,0.38624,0.400192,0.372864,0.363136,0.353984,0.362368,0.465152,0.376064,0.394944,0.368448,0.341888,0.407552,0.415552,0.454144,0.446208,0.452352,0.487552,0.406144,0.411584,0.391104,0.437312,0.45536,0.364096,0.40352,0.45824,0.428672,0.534528,0.396032,0.40608,0.403904,0.410496,0.459904,0.446592,0.416384,0.450304,0.361728,0.50592
0.459456,0.484672,0.506304,0.477056,0.463936,0.489408,0.440512,0.42304,0.45024,0.521728,0.408128,0.429504,0.407104,0.414272,0.35392,0.35552,0.351168,0.2912,0.36672,0.436736,0.289856,0.319936,0.28384,0.0,0.303744,0.335808,0.336128,0.402112,0.373888,0.4220833333333333,0.227648,0.311232,0.341888,0.389952,0.344192,0.352192,0.344832,0.384832,0.364672,0.499712,0.388992,0.403456,0.339648,0.414976,0.392832,0.384896,0.415424,0.432896,0.398208,0.486912,0.299008,0.333952,0.313024,0.392768,0.420864,0.390336,0.40896,0.403968,0.388608,0.49248,0.365696,0.342272,0.3088,0.408064,0.36352,0.380096,0.392448,0.3328,0.378432,0.4384,0.383104,0.353216,0.381312,0.369344,0.36032,0.397056,0.415424,0.382208,0.431616,0.507136,0.395648,0.376896,0.368064,0.404032,0.411264,0.400512,0.345664,0.384576,0.461632,0.4976,0.374336,0.361728,0.388672,0.37632,0.397888,0.412288,0.390912,0.415232,0.380864,0.49376
0.449088,0.492608,0.472192,0.471552,0.436736,0.512384,0.393408,0.501568,0.490304,0.508928,0.446144,0.399232,0.44928,0.409472,0.406592,0.385216,0.381248,0.332544,0.34848,0.470208,0.348224,0.370368,0.336,0.303744,0.0,0.266048,0.287168,0.274432,0.415808,0.39316504854368933,0.313344,0.308544,0.284416,0.317568,0.320512,0.248,0.285504,0.327424,0.338624,0.430336,0.347584,0.318336,0.31296,0.355392,0.328704,0.358528,0.347392,0.38656,0.397696,0.468096,0.347136,0.291392,0.288128,0.352,0.34528,0.351552,0.348224,0.344896,0.327936,0.46496,0.375424,0.2736,0.328256,0.310272,0.377088,0.286016,0.317952,0.292416,0.321472,0.467648,0.351232,0.318464,0.3232,0.296704,0.30752,0.316736,0.325824,0.332288,0.34368,0.493504,0.379904,0.372096,0.311488,0.3248,0.393344,0.288704,0.267264,0.342272,0.39744,0.510656,0.319552,0.36544,0.358976,0.36288,0.317312,0.365632,0.365184,0.348416,0.313152,0.493824
0.461376,0.470912,0.482496,0.440128,0.49024,0.456128,0.469056,0.575808,0.481152,0.525888,0.46144,0.456896,0.49888,0.434368,0.449152,0.421312,0.397824,0.399616,0.339072,0.43328,0.380288,0.408256,0.348736,0.335808,0.266048,0.0,0.235072,0.28672,0.388928,0.3590537634408602,0.332224,0.247104,0.287488,0.264768,0.269696,0.288064,0.234112,0.266624,0.310912,0.47072,0.328768,0.34176,0.311168,0.36576,0.292736,0.288832,0.353792,0.288128,0.337024,0.497472,0.346048,0.322688,0.283904,0.329152,0.299072,0.31136,0.289088,0.260352,0.282752,0.50176,0.323136,0.3056,0.33792,0.339456,0.324224,0.298112,0.29792,0.260032,0.28832,0.556672,0.323904,0.288448,0.281984,0.292672,0.282432,0.2672,0.305984,0.323904,0.362496,0.442624,0.362496,0.355328,0.284864,0.313984,0.392832,0.30976,0.275392,0.335552,0.37152,0.475648,0.332544,0.369024,0.332352,0.31008,0.308544,0.326144,0.375552,0.367296,0.299008,0.459968
0.472512,0.493696,0.473664,0.47328,0.519936,0.497856,0.459712,0.46112,0.522752,0.492288,0.438464,0.472256,0.431616,0.53184,0.430784,0.450368,0.42176,0.398912,0.37888,0.47570247933884297,0.379968,0.403968,0.34624,0.336128,0.287168,0.235072,0.0,0.298752,0.39968,0.38213953488372093,0.349952,0.29504,0.287488,0.27808,0.269888,0.298432,0.27136,0.28256,0.315328,0.44192,0.286464,0.343936,0.260864,0.313408,0.317248,0.332992,0.335808,0.296832,0.3056,0.475392,0.36352,0.308736,0.259648,0.348224,0.314432,0.303872,0.311488,0.279488,0.3232,0.465408,0.323072,0.291072,0.367104,0.321856,0.31136,0.281536,0.300928,0.257856,0.29056,0.444928,0.293312,0.28928,0.264192,0.264192,0.260224,0.309504,0.31904,0.300288,0.358592,0.50784,0.324352,0.345856,0.272576,0.310592,0.367232,0.270848,0.271552,0.29952,0.312,0.512256,0.294784,0.32128,0.308544,0.285056,0.311808,0.323776,0.331776,0.34368,0.306944,0.54912
0.486912,0.474624,0.487168,0.456512,0.450496,0.465792,0.378304,0.496,0.433792,0.454848,0.476864,0.403648,0.47616,0.393088,0.417792,0.401664,0.386816,0.3952,0.400512,0.478016,0.39936,0.401472,0.32576,0.402112,0.274432,0.28672,0.298752,0.0,0.37504,0.39069565217391306,0.350208,0.338688,0.307264,0.360576,0.320768,0.31808,0.275584,0.310528,0.35616,0.415744,0.367552,0.355072,0.342656,0.362624,0.354944,0.361024,0.354752,0.315584,0.351552,0.505024,0.410496,0.331392,0.307328,0.378752,0.368128,0.342144,0.372288,0.353984,0.303936,0.442816,0.33696,0.311488,0.36096,0.348032,0.38784,0.294144,0.328576,0.315008,0.313856,0.444032,0.360512,0.349184,0.35104,0.342528,0.38976,0.312512,0.402048,0.362048,0.3712,0.46496,0.391296,0.412288,0.337024,0.38176,0.38432,0.295296,0.347776,0.359424,0.39712,0.448768,0.364928,0.428416,0.39648,0.3488,0.319936,0.416768,0.432064,0.38496,0.3216,0.438912
0.49856,0.47264,0.454784,0.488512,0.520576,0.501504,0.465792,0.474368,0.425856,0.508224,0.38688,0.424192,0.400512,0.403712,0.373376,0.373184,0.345088,0.377344,0.411456,0.51232,0.349632,0.373184,0.330624,0.373888,0.415808,0.388928,0.39968,0.37504,0.0,0.18337864077669902,0.372352,0.383488,0.401472,0.44192,0.4016,0.432256,0.427904,0.427904,0.377408,0.46336,0.415744,0.409792,0.408384,0.44768,0.406208,0.407936,0.440256,0.422336,0.397696,0.510784,0.379328,0.39072,0.401792,0.392,0.448256,0.416064,0.423168,0.377088,0.440512,0.478656,0.435904,0.394368,0.40224,0.43584,0.430848,0.4112,0.414272,0.394944,0.375552,0.4588888888888889,0.424768,0.433408,0.407424,0.418048,0.398208,0.398336,0.406528,0.427968,0.420544,0.478144,0.448768,0.418304,0.4288,0.43488,0.475904,0.4064,0.40192,0.435008,0.440192,0.510784,0.418112,0.440192,0.415488,0.40736,0.443904,0.463296,0.410304,0.43232,0.350464,0.443328
0.471808,0.5203076923076924,0.4665,0.465472,0.5204705882352941,0.4857560975609756,0.5183366336633664,0.4473663366336634,0.4790204081632653,0.452672,0.4926868686868687,0.4423076923076923,0.46938775510204084,0.4404494382022472,0.46808333333333335,0.4479090909090909,0.45531182795698927,0.4063030303030303,0.4103736263736264,0.507648,0.35352808988764045,0.42448979591836733,0.37564835164835164,0.4220833333333333,0.39316504854368933,0.3590537634408602,0.38213953488372093,0.39069565217391306,0.18337864077669902,0.0,0.47616326530612246,0.4245274725274725,0.405,0.4172444444444444,0.4669387755102041,0.44463636363636366,0.4307956989247312,0.45336,0.39595402298850574,0.458304,0.4113777777777778,0.42983333333333335,0.42384761904761903,0.44917894736842107,0.44384,0.4458105263157895,0.4695813953488372,0.4162666666666667,0.4523364485981308,0.505088,0.473029702970297,0.47439080459770117,0.3768080808080808,0.43451685393258427,0.41154430379746837,0.41461224489795917,0.426989010989011,0.4058989898989899,0.40404597701149425,0.5173333333333333,0.4916521739130435,0.3869787234042553,0.4691868131868132,0.39182795698924733,0.45510204081632655,0.4367111111111111,0.43657142857142855,0.3972727272727273,0.4205,0.40928,0.423265306122449,0.40994174757281554,0.3696494845360825,0.4217254901960784,0.4177021276595745,0.42728,0.39514606741573033,0.37783333333333335,0.402,0.529216,0.43714942528735634,0.42729896907216497,0.40688372093023256,0.4106105263157895,0.42792,0.43733333333333335,0.40555102040816327,0.43022222222222223,0.43326315789473685,0.456576,0.43075,0.40216,0.47570526315789474,0.4186067415730337,0.45313043478260867,0.376156862745098,0.41555555555555557,0.37466666666666665,0.378,0.441984
0.524096,0.491008,0.4768,0.439744,0.45472,0.476544,0.436224,0.461248,0.41984,0.498368,0.414528,0.413952,0.387968,0.38016,0.405184,0.34656,0.339968,0.26944,0.370624,0.44256,0.325952,0.3168,0.253504,0.227648,0.313344,0.332224,0.349952,0.350208,0.372352,0.47616326530612246,0.0,0.316736,0.353984,0.365696,0.348544,0.356032,0.33664,0.382336,0.397376,0.479872,0.387072,0.403392,0.366336,0.351616,0.368256,0.355968,0.402624,0.411456,0.423872,0.49984,0.304128,0.3408,0.367616,0.362752,0.393664,0.360192,0.382848,0.40288,0.399808,0.457152,0.377024,0.34624,0.281344,0.372032,0.411392,0.353664,0.378688,0.350016,0.388864,0.442368,0.399424,0.359232,0.36608,0.366656,0.364224,0.40704,0.407168,0.415808,0.426432,0.494464,0.413696,0.391808,0.384576,0.420544,0.482752,0.39424,0.38272,0.400192,0.429824,0.508928,0.412352,0.398272,0.40544,0.396032,0.39776,0.428672,0.399552,0.434944,0.357376,0.498944
0.497408,0.464192,0.495872,0.50688,0.471744,0.470464,0.427776,0.5424,0.464384,0.526528,0.443264,0.472192,0.434176,0.443136,0.42848,0.40768,0.400896,0.349888,0.385664,0.529792,0.362368,0.386816,0.361792,0.311232,0.308544,0.247104,0.29504,0.338688,0.383488,0.4245274725274725,0.316736,0.0,0.26464,0.290432,0.266048,0.3216,0.305856,0.316352,0.321984,0.469376,0.339264,0.358656,0.300672,0.3696,0.327872,0.363712,0.357952,0.3712,0.319808,0.471808,0.376064,0.27488,0.301888,0.319296,0.316416,0.368128,0.323712,0.291456,0.361344,0.489472,0.342912,0.26752,0.33024,0.32352,0.37056,0.337024,0.3232,0.279168,0.328576,0.435456,0.370816,0.328,0.305344,0.310144,0.306816,0.32672,0.330112,0.32448,0.391552,0.544192,0.342912,0.337408,0.323328,0.337088,0.389824,0.342464,0.27904,0.31968,0.417728,0.48224,0.356928,0.326464,0.335424,0.36512,0.34496,0.319296,0.347904,0.304704,0.3216,0.489536
0.466112,0.484096,0.467392,0.497216,0.47744,0.466688,0.411456,0.44832,0.417024,0.47936,0.450304,0.429056,0.4416,0.405376,0.426176,0.404224,0.387904,0.390976,0.3712,0.474304,0.353408,0.375488,0.371456,0.341888,0.284416,0.287488,0.287488,0.307264,0.401472,0.405,0.353984,0.26464,0.0,0.231168,0.303424,0.349888,0.311488,0.298176,0.372608,0.498112,0.31968,0.35232,0.283008,0.359488,0.343936,0.333056,0.394496,0.35072,0.368,0.496768,0.389184,0.326336,0.32,0.384064,0.351488,0.346048,0.312512,0.32512,0.333952,0.49056,0.372032,0.320192,0.380672,0.336064,0.310016,0.310336,0.326336,0.314944,0.362944,0.46112,0.387072,0.341952,0.303744,0.32928,0.302848,0.32992,0.326272,0.360448,0.39136,0.505984,0.372608,0.380608,0.320128,0.309568,0.406464,0.300928,0.309312,0.298368,0.404928,0.510976,0.35424,0.367296,0.351808,0.348608,0.309632,0.358528,0.339776,0.337792,0.30176,0.476672
0.503808,0.472768,0.474112,0.527616,0.481408,0.422592,0.44896,0.513728,0.489664,0.510208,0.452992,0.475904,0.472768,0.542464,0.435392,0.46336,0.42496,0.39136,0.36896,0.432896,0.385792,0.404288,0.388544,0.389952,0.317568,0.264768,0.27808,0.360576,0.44192,0.4055730337078652,0.365696,0.290432,0.231168,0.0,0.276864,0.264832,0.288448,0.309248,0.3216,0.505984,0.244544,0.287232,0.312704,0.29984,0.27648,0.28224,0.302272,0.302656,0.35392,0.5024,0.38368,0.351744,0.290112,0.320384,0.271232,0.312896,0.252864,0.25888,0.305088,0.518208,0.33984,0.304768,0.368384,0.307008,0.27904,0.286272,0.270016,0.247552,0.31488,0.556928,0.315328,0.293504,0.239808,0.291712,0.245504,0.28896,0.270336,0.279424,0.331136,0.451456,0.319744,0.29952,0.261184,0.264896,0.322432,0.270272,0.266176,0.267904,0.345344,0.532288,0.280896,0.35616,0.304384,0.288512,0.299072,0.314624,0.320384,0.289536,0.302592,0.51264
0.448576,0.465792,0.452672,0.450048,0.453568,0.494336,0.440128,0.480256,0.556416,0.486016,0.49664,0.462272,0.433408,0.444352,0.409856,0.404224,0.399552,0.394112,0.400832,0.498304,0.386624,0.42272,0.379648,0.344192,0.320512,0.269696,0.269888,0.320768,0.4016,0.4669387755102041,0.348544,0.266048,0.303424,0.276864,0.0,0.327424,0.312512,0.312832,0.33344,0.50784,0.32928,0.338432,0.243264,0.323328,0.295424,0.320448,0.3392,0.300352,0.267456,0.529728,0.362752,0.301888,0.296384,0.35616,0.298688,0.333248,0.314752,0.301888,0.334784,0.457344,0.351296,0.331712,0.339392,0.342656,0.303616,0.294464,0.293824,0.30208,0.301952,0.563136,0.365504,0.281344,0.288704,0.285056,0.295424,0.319552,0.303104,0.318848,0.354304,0.555456,0.339328,0.364864,0.31008,0.299072,0.367104,0.314368,0.288128,0.31136,0.367296,0.510592,0.332352,0.38592,0.360064,0.328704,0.318656,0.359488,0.329024,0.3648,0.330432,0.474112
0.453504,0.485632,0.518208,0.544,0.48736,0.485568,0.436608,0.533824,0.48192,0.50272,0.454464,0.44896,0.478912,0.464448,0.4128,0.404928,0.383872,0.356736,0.35744,0.47585964912280704,0.37088,0.348672,0.337024,0.352192,0.248,0.288064,0.298432,0.31808,0.432256,0.44463636363636366,0.356032,0.3216,0.349888,0.264832,0.327424,0.0,0.273344,0.343872,0.334016,0.384064,0.291648,0.31712,0.350144,0.333056,0.296896,0.311488,0.32704,0.315072,0.329408,0.47328,0.33408,0.307776,0.328384,0.31392,0.320064,0.327552,0.329344,0.30816,0.307136,0.520512,0.319872,0.288896,0.337408,0.291776,0.328448,0.23264,0.308352,0.26912,0.354304,0.448704,0.338048,0.298496,0.255424,0.274432,0.270592,0.303872,0.321024,0.319296,0.353728,0.417472,0.35072,0.348928,0.295104,0.31008,0.392768,0.278912,0.28288,0.306624,0.36192,0.532288,0.32288,0.365056,0.336128,0.315008,0.338752,0.326976,0.378496,0.32352,0.321984,0.488704
0.452544,0.458816,0.488512,0.427712,0.489856,0.493888,0.395008,0.55072,0.476864,0.51904,0.506816,0.49312,0.493952,0.405504,0.415616,0.429696,0.413184,0.412224,0.32768,0.448512,0.3712,0.390784,0.374016,0.344832,0.285504,0.234112,0.27136,0.275584,0.427904,0.4307956989247312,0.33664,0.305856,0.311488,0.288448,0.312512,0.273344,0.0,0.2848,0.324096,0.376832,0.334528,0.314432,0.332416,0.316352,0.297728,0.283072,0.3248,0.291456,0.325888,0.480064,0.370624,0.317696,0.28832,0.336384,0.296128,0.306432,0.294976,0.275328,0.272768,0.514752,0.320512,0.351232,0.346304,0.301248,0.320896,0.284032,0.319744,0.26496,0.336576,0.429248,0.323136,0.30016,0.300928,0.333056,0.269632,0.307648,0.323648,0.337152,0.342784,0.494272,0.348928,0.37472,0.300096,0.31392,0.354688,0.310464,0.336384,0.336704,0.380288,0.471616,0.325056,0.357696,0.33504,0.344064,0.282176,0.341632,0.38432,0.353408,0.30048,0.437504
0.487616,0.511168,0.436096,0.485632,0.474496,0.504448,0.465472,0.466496,0.515968,0.476352,0.52576,0.46592,0.461568,0.54976,0.522944,0.44352,0.403072,0.410816,0.367168,0.45376,0.416512,0.440512,0.38496,0.384832,0.327424,0.266624,0.28256,0.310528,0.427904,0.45336,0.382336,0.316352,0.298176,0.309248,0.312832,0.343872,0.2848,0.0,0.3008,0.498304,0.375552,0.362304,0.335808,0.344576,0.307328,0.330944,0.324352,0.303424,0.309632,0.492224,0.40736,0.372672,0.322752,0.392512,0.322816,0.380544,0.283136,0.296896,0.299456,0.48032,0.388096,0.362176,0.41376,0.381696,0.364032,0.35872,0.337344,0.289664,0.295808,0.497728,0.349824,0.361728,0.323456,0.378624,0.364288,0.342336,0.363648,0.360832,0.348864,0.454272,0.3776,0.42368,0.344384,0.35552,0.419776,0.356288,0.335616,0.346368,0.422848,0.491264,0.372928,0.390528,0.389568,0.35232,0.357312,0.387392,0.387392,0.4192,0.364672,0.509888
0.496384,0.486976,0.511424,0.430144,0.475904,0.43588990825688073,0.430336,0.513408,0.516672,0.41952,0.47872,0.482304,0.460992,0.491328,0.380416,0.446976,0.404288,0.397696,0.349824,0.46624561403508774,0.37408,0.429248,0.37376,0.364672,0.338624,0.310912,0.315328,0.35616,0.377408,0.39595402298850574,0.397376,0.321984,0.372608,0.3216,0.33344,0.334016,0.324096,0.3008,0.0,0.2187936507936508,0.345024,0.376768,0.35712,0.367296,0.255104,0.348928,0.312832,0.310336,0.361792,0.499072,0.370944,0.354496,0.330688,0.366976,0.311168,0.351424,0.348608,0.320576,0.300352,0.508736,0.315904,0.370176,0.390976,0.385536,0.390784,0.332416,0.329664,0.342784,0.254208,0.4721818181818182,0.362432,0.392896,0.3296,0.35648,0.32992,0.341056,0.351744,0.325824,0.326848,0.502592,0.319424,0.377664,0.320448,0.339008,0.368,0.33248,0.337472,0.372672,0.345536,0.512,0.354816,0.329856,0.350976,0.310272,0.35456,0.37408,0.38304,0.366912,0.334912,0.5336727272727273
0.444672,0.506304,0.487296,0.54048,0.476096,0.440896,0.465984,0.487104,0.492864,0.461312,0.455488,0.414208,0.480192,0.468224,0.477184,0.463424,0.424128,0.456192,0.422272,0.474624,0.45696,0.47744,0.451712,0.499712,0.430336,0.47072,0.44192,0.415744,0.46336,0.472,0.479872,0.469376,0.498112,0.505984,0.50784,0.384064,0.376832,0.498304,0.2187936507936508,0.0,0.551296,0.497856,0.521216,0.417984,0.553088,0.525312,0.572864,0.551488,0.384384,0.507392,0.43136,0.424896,0.402944,0.406336,0.436224,0.4256,0.584704,0.558592,0.494144,0.492928,0.518528,0.443712,0.426624,0.420224,0.525312,0.437504,0.417088,0.4592,0.445056,0.423616,0.537792,0.557888,0.472768,0.540864,0.457856,0.5632,0.419456,0.39328,0.381568,0.460736,0.4832,0.529472,0.41792,0.56896,0.480576,0.56192,0.455104,0.490112,0.543616,0.53088,0.546048,0.435904,0.542784,0.563904,0.425024,0.512192,0.449024,0.534464,0.403648,0.495808
0.466944,0.446528,0.482496,0.492416,0.492992,0.514432,0.508416,0.546432,0.490688,0.523136,0.409984,0.50048,0.480192,0.522112,0.510528,0.494336,0.444416,0.4112,0.40416,0.478784,0.39456,0.386304,0.385024,0.388992,0.347584,0.328768,0.286464,0.367552,0.436288,0.4113777777777778,0.387072,0.339264,0.31968,0.244544,0.32928,0.291648,0.334528,0.375552,0.345024,0.551296,0.0,0.270528,0.309632,0.279744,0.312,0.328512,0.327232,0.351744,0.317696,0.472064,0.398912,0.321472,0.259712,0.296576,0.334912,0.278336,0.302528,0.289664,0.347008,0.479872,0.29152,0.314048,0.38336,0.302144,0.301312,0.29408,0.302464,0.303296,0.353536,0.4192,0.284672,0.222784,0.265792,0.285056,0.260416,0.280896,0.307392,0.284672,0.324544,0.505088,0.30144,0.253056,0.278592,0.205888,0.32096,0.243968,0.328384,0.348928,0.34848,0.490048,0.254144,0.3472,0.317696,0.293632,0.303552,0.339072,0.312896,0.310784,0.314048,0.513024
0.454784,0.452352,0.464832,0.455488,0.495616,0.475328,0.465664,0.516608,0.487808,0.549824,0.46688,0.472256,0.477504,0.483968,0.4304,0.474432,0.447296,0.398016,0.458816,0.43008,0.367808,0.381184,0.379136,0.403456,0.318336,0.34176,0.343936,0.355072,0.409792,0.42983333333333335,0.403392,0.358656,0.35232,0.287232,0.338432,0.31712,0.314432,0.362304,0.376768,0.497856,0.270528,0.0,0.240192,0.299008,0.251392,0.28672,0.286464,0.318592,0.328704,0.515072,0.41696,0.326784,0.267584,0.300352,0.274624,0.282176,0.305664,0.297152,0.350656,0.476544,0.303104,0.317696,0.372032,0.261696,0.311104,0.301824,0.295936,0.310784,0.349184,0.439616,0.3056,0.298112,0.2576,0.269824,0.28608,0.32768,0.302464,0.314304,0.314688,0.50592,0.329728,0.329216,0.253952,0.303424,0.30752,0.308416,0.327744,0.349376,0.328,0.510336,0.312,0.396608,0.34176,0.337152,0.32448,0.361792,0.32192,0.370624,0.313088,0.463104
0.511808,0.488192,0.443456,0.486272,0.44736,0.515456,0.4768,0.485184,0.559168,0.427456,0.516096,0.417664,0.44032,0.5408,0.525184,0.438272,0.410112,0.39168,0.43104,0.418304,0.368704,0.396608,0.365312,0.339648,0.31296,0.311168,0.260864,0.342656,0.408384,0.42384761904761903,0.366336,0.300672,0.283008,0.312704,0.243264,0.350144,0.332416,0.335808,0.35712,0.521216,0.309632,0.240192,0.0,0.330944,0.29408,0.279424,0.336704,0.3616,0.325632,0.519808,0.376448,0.249728,0.246016,0.368832,0.303936,0.268352,0.313536,0.324672,0.32192,0.535936,0.39136,0.315072,0.352256,0.300224,0.320896,0.310784,0.33312,0.269632,0.362304,0.479168,0.31648,0.304256,0.283264,0.257856,0.259328,0.312896,0.305536,0.299776,0.33184,0.47392,0.330176,0.369216,0.281216,0.265536,0.34368,0.276224,0.308736,0.330816,0.381376,0.495744,0.296384,0.337344,0.373248,0.29728,0.344,0.339008,0.291904,0.391936,0.288768,0.491776
0.473472,0.455552,0.48928,0.496384,0.494016,0.4704,0.46752,0.507392,0.474112,0.496064,0.522048,0.502336,0.471872,0.458688,0.481216,0.483904,0.46016,0.402368,0.394944,0.466624,0.385216,0.421312,0.41632,0.414976,0.355392,0.36576,0.313408,0.362624,0.44768,0.44917894736842107,0.351616,0.3696,0.359488,0.29984,0.323328,0.333056,0.316352,0.344576,0.367296,0.417984,0.279744,0.299008,0.330944,0.0,0.28288,0.275456,0.258816,0.28768,0.351104,0.544896,0.354304,0.346816,0.302656,0.334912,0.29536,0.268608,0.293888,0.316864,0.295616,0.531904,0.321792,0.355776,0.394944,0.307712,0.32416,0.311168,0.328896,0.316352,0.357632,0.546432,0.269824,0.268032,0.265024,0.306432,0.301248,0.293376,0.36896,0.338176,0.321152,0.444544,0.347136,0.33952,0.284864,0.2864,0.344128,0.333888,0.349696,0.37088,0.357184,0.463424,0.294656,0.385792,0.376384,0.295168,0.329216,0.377792,0.33504,0.361984,0.357312,0.5072
