0.0,0.40257777777777776,0.4168,0.4324,0.46475555555555553,0.5097333333333334,0.5325333333333333,0.47004444444444443,0.4935111111111111,0.5375111111111112,0.4758222222222222,0.5094222222222222,0.4976,0.45097777777777776,0.5205777777777778,0.4501777777777778,0.4802222222222222,0.4779555555555556,0.5421333333333334,0.48706666666666665,0.5381777777777778,0.4661777777777778,0.47204444444444443,0.4474666666666667,0.44355555555555554,0.48586666666666667,0.47906666666666664,0.48217777777777776,0.5272888888888889,0.4425777777777778,0.5286222222222222,0.5120444444444444,0.47688888888888886,0.5234222222222222,0.46382222222222225,0.4883111111111111,0.4835111111111111,0.4891111111111111,0.4975111111111111,0.44420289855072465,0.4700888888888889,0.47835555555555553,0.4964,0.498,0.4895555555555556,0.5013333333333333,0.48186666666666667,0.4844,0.48373333333333335,0.5040444444444444,0.48,0.4848,0.47128888888888887,0.5019555555555556,0.4724888888888889,0.4601777777777778,0.5145777777777778,0.49733333333333335,0.4663555555555556,0.48133333333333334,0.5089333333333333,0.4931111111111111,0.4742222222222222,0.46026666666666666,0.43333333333333335,0.5191555555555556,0.48715555555555556,0.5068444444444444,0.4379111111111111,0.46386666666666665,0.46057777777777775,0.4580444444444444,0.5098222222222222,0.4684,0.4876888888888889,0.4798222222222222,0.47955555555555557,0.48693333333333333,0.5553777777777777,0.5255555555555556,0.5380888888888888,0.4609333333333333,0.5292888888888889,0.44075555555555557,0.5064,0.45893333333333336,0.4772888888888889,0.5127111111111111,0.5197777777777778,0.4514222222222222,0.45484444444444444,0.47644444444444445,0.5310666666666667,0.5323111111111111,0.47631111111111113,0.47573333333333334,0.5280444444444444,0.4925333333333333,0.4921333333333333,0.5088
0.40257777777777776,0.0,0.38435555555555556,0.39911111111111114,0.44937777777777776,0.5080444444444444,0.46928888888888887,0.4839111111111111,0.5208444444444444,0.5124,0.48106666666666664,0.4811111111111111,0.5026666666666667,0.5093333333333333,0.5165777777777778,0.5169777777777778,0.5343111111111111,0.48484444444444447,0.4759555555555556,0.5316888888888889,0.4655111111111111,0.5484888888888889,0.4568,0.46995555555555557,0.4806666666666667,0.4764888888888889,0.5025777777777778,0.47475555555555554,0.4948888888888889,0.5202564102564102,0.4828,0.4577333333333333,0.48933333333333334,0.46626666666666666,0.48706666666666665,0.4842222222222222,0.45382222222222224,0.5066666666666667,0.5061333333333333,0.5380888888888888,0.4767111111111111,0.4726222222222222,0.4855111111111111,0.45568888888888887,0.48106666666666664,0.45013333333333333,0.4798222222222222,0.45364444444444446,0.4900888888888889,0.5068,0.4503111111111111,0.49835555555555555,0.4849777777777778,0.5082222222222222,0.49906666666666666,0.47586666666666666,0.4856,0.4942666666666667,0.5100888888888889,0.48795555555555553,0.45484444444444444,0.4809333333333333,0.5256444444444445,0.4818222222222222,0.5144444444444445,0.45368888888888886,0.5064,0.5210222222222223,0.44475555555555557,0.5262666666666667,0.47533333333333333,0.4942666666666667,0.4669333333333333,0.4972,0.5084,0.4736888888888889,0.5007555555555555,0.5191555555555556,0.5043111111111112,0.5420888888888888,0.46826666666666666,0.4728888888888889,0.44551111111111114,0.47204444444444443,0.46528888888888886,0.49724444444444443,0.4925333333333333,0.4909777777777778,0.4804,0.4868,0.47475555555555554,0.4769777777777778,0.4809777777777778,0.5210222222222223,0.4716888888888889,0.4844888888888889,0.4274222222222222,0.4328444444444444,0.4604,0.4554938271604938
0.4168,0.38435555555555556,0.0,0.42777777777777776,0.436,0.48733333333333334,0.4771111111111111,0.4367111111111111,0.4656888888888889,0.4776444444444444,0.5166666666666667,0.5208888888888888,0.516,0.5145777777777778,0.47217777777777775,0.5376,0.46973333333333334,0.48013333333333336,0.5312444444444444,0.4896,0.49604444444444445,0.44795555555555555,0.46195555555555556,0.5092444444444445,0.4929777777777778,0.4724,0.4719555555555556,0.49791111111111114,0.46813333333333335,0.4876388888888889,0.4748888888888889,0.5078222222222222,0.4918666666666667,0.48031111111111113,0.4788,0.5380444444444444,0.4612888888888889,0.4566222222222222,0.5337777777777778,0.49933333333333335,0.47426666666666667,0.47186666666666666,0.45995555555555556,0.47444444444444445,0.4866666666666667,0.47857777777777777,0.4487555555555556,0.4861333333333333,0.4644,0.508,0.4384888888888889,0.4577777777777778,0.4749777777777778,0.5026222222222222,0.458,0.4355111111111111,0.4746222222222222,0.4448,0.4817777777777778,0.4570666666666667,0.4860888888888889,0.4752,0.5027555555555555,0.4444444444444444,0.49364444444444444,0.45124444444444445,0.4688,0.5380444444444444,0.49524444444444443,0.45950980392156865,0.44982222222222223,0.47004444444444443,0.47155555555555556,0.46124444444444446,0.46746666666666664,0.46528888888888886,0.49093333333333333,0.4263111111111111,0.4478666666666667,0.4851111111111111,0.5069777777777777,0.48702222222222225,0.4922222222222222,0.46266666666666667,0.5011111111111111,0.5076444444444445,0.4858222222222222,0.49062222222222224,0.5192,0.4536,0.5028,0.5283555555555556,0.47902222222222224,0.4864888888888889,0.4766666666666667,0.46142222222222223,0.45293333333333335,0.5016888888888889,0.49391111111111113,0.49109243697478994
0.4324,0.39911111111111114,0.42777777777777776,0.0,0.4084,0.4577777777777778,0.4390222222222222,0.5245777777777778,0.4324,0.40942222222222224,0.48795555555555553,0.4807111111111111,0.48844444444444446,0.46626666666666666,0.4831111111111111,0.4889777777777778,0.48515555555555556,0.4964,0.43924444444444444,0.47355555555555556,0.4812888888888889,0.5034666666666666,0.4712,0.48586666666666667,0.46564444444444447,0.45364444444444446,0.5016888888888889,0.4534222222222222,0.5256888888888889,0.49914141414141416,0.45435555555555557,0.4988,0.5011111111111111,0.5165333333333333,0.4826666666666667,0.5094222222222222,0.4291111111111111,0.4864888888888889,0.4690666666666667,0.5004888888888889,0.4922222222222222,0.4644888888888889,0.4914222222222222,0.4704888888888889,0.47435555555555553,0.4716888888888889,0.4796888888888889,0.45942222222222223,0.4656888888888889,0.5087111111111111,0.4608888888888889,0.46826666666666666,0.4539111111111111,0.4497333333333333,0.4630222222222222,0.42964444444444444,0.4356888888888889,0.4972,0.4428,0.4896,0.46644444444444444,0.4706666666666667,0.47555555555555556,0.4172444444444444,0.4515111111111111,0.4009333333333333,0.47,0.44804444444444447,0.44835555555555556,0.5100888888888889,0.4352,0.4601777777777778,0.43591111111111114,0.4572,0.42924444444444443,0.45137777777777777,0.5272,0.48235555555555554,0.5010666666666667,0.47004444444444443,0.5068444444444444,0.5107555555555555,0.4282666666666667,0.49746666666666667,0.5083111111111112,0.5095111111111111,0.4381777777777778,0.5151111111111111,0.5122666666666666,0.47226666666666667,0.48106666666666664,0.4669333333333333,0.5132888888888889,0.47604444444444444,0.4820888888888889,0.47773333333333334,0.47657777777777777,0.5249777777777778,0.49173333333333336,0.5238725490196079
0.46475555555555553,0.44937777777777776,0.436,0.4084,0.0,0.5000444444444444,0.3834666666666667,0.45626666666666665,0.39115555555555553,0.5801777777777778,0.4697777777777778,0.4368888888888889,0.47533333333333333,0.4425777777777778,0.4534666666666667,0.4479111111111111,0.4622222222222222,0.4450222222222222,0.4989777777777778,0.4744,0.4708,0.4429777777777778,0.4285777777777778,0.4668888888888889,0.4341333333333333,0.5074666666666666,0.5171111111111111,0.44595555555555555,0.5106666666666667,0.46715555555555555,0.4282222222222222,0.4712,0.4757777777777778,0.4898666666666667,0.46871111111111113,0.5023555555555556,0.49146666666666666,0.4745333333333333,0.4454222222222222,0.4362666666666667,0.48715555555555556,0.4902666666666667,0.5027111111111111,0.5039111111111111,0.5032,0.4992888888888889,0.5184888888888889,0.47457777777777777,0.48991111111111113,0.4804888888888889,0.5111111111111111,0.4545777777777778,0.5097777777777778,0.48413333333333336,0.49933333333333335,0.48662222222222223,0.49706666666666666,0.4728,0.49666666666666665,0.45066666666666666,0.468,0.4662222222222222,0.49133333333333334,0.5163555555555556,0.5042222222222222,0.47226666666666667,0.45626666666666665,0.4941333333333333,0.4948444444444444,0.5089333333333333,0.4764,0.4936,0.4852888888888889,0.5195111111111111,0.5294222222222222,0.4940888888888889,0.4729777777777778,0.4996,0.5096888888888889,0.5124,0.49466666666666664,0.5143555555555556,0.4833777777777778,0.4992,0.48564444444444443,0.49075555555555556,0.47146666666666665,0.46715555555555555,0.4666222222222222,0.5018666666666667,0.5056,0.4831111111111111,0.4892444444444444,0.5104888888888889,0.4702222222222222,0.4452888888888889,0.47075555555555554,0.49893333333333334,0.46386666666666665,0.4957142857142857
0.5097333333333334,0.5080444444444444,0.48733333333333334,0.4577777777777778,0.5000444444444444,0.0,0.5030666666666667,0.5073333333333333,0.5029777777777777,0.4846666666666667,0.5213333333333333,0.4908,0.48893333333333333,0.47244444444444444,0.4864,0.46897777777777777,0.4935111111111111,0.4610666666666667,0.4782666666666667,0.5216888888888889,0.4769777777777778,0.5242222222222223,0.4861333333333333,0.5011111111111111,0.5253777777777778,0.4470222222222222,0.49391111111111113,0.4696444444444444,0.5091111111111111,0.5406222222222222,0.4780888888888889,0.4547555555555556,0.48835555555555554,0.45413333333333333,0.4998222222222222,0.4758222222222222,0.5072888888888889,0.4883111111111111,0.5210666666666667,0.5136111111111111,0.5034666666666666,0.5097777777777778,0.5122222222222222,0.49977777777777777,0.5019111111111111,0.4797777777777778,0.5275555555555556,0.5385777777777778,0.4885333333333333,0.45568888888888887,0.48217777777777776,0.5105333333333333,0.5095111111111111,0.4998666666666667,0.5064888888888889,0.5020888888888889,0.4856,0.5031111111111111,0.46,0.5014222222222222,0.47284444444444446,0.49062222222222224,0.4825333333333333,0.5044444444444445,0.4826666666666667,0.4934222222222222,0.5265333333333333,0.4976,0.44733333333333336,0.49093333333333333,0.5076,0.4719555555555556,0.4907111111111111,0.4983111111111111,0.47404444444444443,0.5231111111111111,0.48284444444444446,0.5031555555555556,0.4802666666666667,0.45004444444444447,0.4956888888888889,0.5008,0.4894222222222222,0.48404444444444444,0.502,0.5365333333333333,0.5011555555555556,0.5443555555555556,0.5186666666666667,0.42195555555555553,0.47271111111111114,0.47253333333333336,0.43266666666666664,0.49204444444444445,0.4988444444444444,0.4998222222222222,0.4828,0.4918666666666667,0.5270666666666667,0.4613333333333333
0.5325333333333333,0.46928888888888887,0.45915555555555554,0.4390222222222222,0.3834666666666667,0.5030666666666667,0.0,0.48595555555555553,0.36733333333333335,0.48946666666666666,0.42195555555555553,0.39982222222222225,0.4156888888888889,0.41555555555555557,0.40604444444444443,0.42293333333333333,0.39626666666666666,0.4174222222222222,0.40875555555555554,0.5059111111111111,0.40902222222222223,0.4496888888888889,0.40613333333333335,0.4548888888888889,0.4119111111111111,0.4683555555555556,0.46786666666666665,0.3961777777777778,0.498,0.4943111111111111,0.4501777777777778,0.44551111111111114,0.44626666666666664,0.4712,0.4446222222222222,0.4525777777777778,0.4212888888888889,0.4524888888888889,0.4332,0.47546666666666665,0.4651111111111111,0.49515555555555557,0.47835555555555553,0.4581777777777778,0.4643111111111111,0.45564444444444446,0.5006666666666667,0.4636,0.4928,0.5059555555555556,0.4397333333333333,0.48204444444444444,0.4521777777777778,0.4550222222222222,0.4733777777777778,0.4998222222222222,0.44924444444444445,0.4447111111111111,0.4232444444444444,0.49466666666666664,0.4671111111111111,0.41964444444444443,0.4656888888888889,0.464,0.4972,0.452,0.4583111111111111,0.4468888888888889,0.4309777777777778,0.4826666666666667,0.4249777777777778,0.4640444444444444,0.46075555555555553,0.4490222222222222,0.46826666666666666,0.47057777777777776,0.46115555555555554,0.4683111111111111,0.4612888888888889,0.4778222222222222,0.4274222222222222,0.4518666666666667,0.41506666666666664,0.43751111111111113,0.4836,0.47173333333333334,0.4652,0.4822666666666667,0.4936888888888889,0.4819111111111111,0.4338666666666667,0.4450222222222222,0.46857777777777776,0.4219111111111111,0.4441333333333333,0.46897777777777777,0.4990222222222222,0.45684444444444444,0.44924444444444445,0.4430222222222222
0.47004444444444443,0.4839111111111111,0.4367111111111111,0.5245777777777778,0.45626666666666665,0.5073333333333333,0.48595555555555553,0.0,0.4978666666666667,0.5499111111111111,0.48244444444444445,0.502,0.5088,0.45315555555555553,0.4320888888888889,0.4512,0.47275555555555554,0.49066666666666664,0.4891111111111111,0.46728888888888886,0.496,0.48617777777777776,0.45666666666666667,0.4412888888888889,0.5014666666666666,0.49124444444444443,0.4718222222222222,0.5048444444444444,0.5327111111111111,0.43666666666666665,0.4688,0.5239111111111111,0.48786666666666667,0.5100888888888889,0.4856,0.5230222222222223,0.5222666666666667,0.5032,0.5247555555555555,0.48884444444444447,0.5232444444444444,0.5311111111111111,0.4970222222222222,0.5121333333333333,0.47715555555555556,0.53,0.5018666666666667,0.47333333333333333,0.4718222222222222,0.5030222222222223,0.4905333333333333,0.49964444444444445,0.4670222222222222,0.4872888888888889,0.4884,0.5104888888888889,0.48706666666666665,0.49955555555555553,0.5206222222222222,0.476,0.5025777777777778,0.5210222222222223,0.4732,0.46324444444444446,0.46675555555555553,0.5312888888888889,0.464,0.4981333333333333,0.5144444444444445,0.5252208835341365,0.5052,0.5116,0.48688888888888887,0.4909777777777778,0.5384888888888889,0.4835111111111111,0.4963111111111111,0.5033777777777778,0.47631111111111113,0.48817777777777777,0.5163555555555556,0.45826666666666666,0.5316888888888889,0.48515555555555556,0.4653777777777778,0.5267111111111111,0.48533333333333334,0.5107555555555555,0.48617777777777776,0.48915555555555557,0.4792888888888889,0.5106666666666667,0.4642222222222222,0.47546666666666665,0.4584888888888889,0.5108888888888888,0.4868,0.5126222222222222,0.5244444444444445,0.5034222222222222
0.4935111111111111,0.5208444444444444,0.4656888888888889,0.4324,0.39115555555555553,0.5029777777777777,0.36733333333333335,0.4978666666666667,0.0,0.5045333333333333,0.3741333333333333,0.4336888888888889,0.3725333333333333,0.3816,0.35773333333333335,0.37737777777777776,0.3737333333333333,0.4265333333333333,0.43777777777777777,0.5097777777777778,0.4399111111111111,0.44133333333333336,0.3940888888888889,0.47102222222222223,0.5112888888888889,0.4965777777777778,0.5216,0.45968888888888887,0.4487111111111111,0.48,0.42835555555555554,0.5045777777777778,0.42462222222222223,0.4912,0.5482222222222223,0.4704888888888889,0.4696888888888889,0.5102666666666666,0.5017777777777778,0.4619111111111111,0.48644444444444446,0.5027555555555555,0.5694222222222223,0.4932888888888889,0.4770666666666667,0.5057777777777778,0.49853333333333333,0.47484444444444446,0.5211555555555556,0.48693333333333333,0.4872888888888889,0.4907111111111111,0.4914222222222222,0.46644444444444444,0.4673777777777778,0.5124444444444445,0.4880888888888889,0.47146666666666665,0.4613333333333333,0.44995555555555555,0.5087111111111111,0.47075555555555554,0.5016,0.44608888888888887,0.4779555555555556,0.5177333333333334,0.4882666666666667,0.5188888888888888,0.4860888888888889,0.4807111111111111,0.4861333333333333,0.5197333333333334,0.48004444444444444,0.47431111111111113,0.49204444444444445,0.48217777777777776,0.4755111111111111,0.4755111111111111,0.4945777777777778,0.4775111111111111,0.47902222222222224,0.4903111111111111,0.5008888888888889,0.5136,0.5134666666666666,0.5080888888888889,0.47657777777777777,0.5215555555555556,0.5063111111111112,0.5353777777777777,0.5097333333333334,0.4970222222222222,0.49106666666666665,0.45111111111111113,0.49093333333333333,0.4709333333333333,0.5308444444444445,0.4984,0.5200888888888889,0.4736888888888889
0.5375111111111112,0.5124,0.4776444444444444,0.40942222222222224,0.5801777777777778,0.4846666666666667,0.48946666666666666,0.5499111111111111,0.5045333333333333,0.0,0.48373333333333335,0.47275555555555554,0.4997333333333333,0.4548,0.49448888888888887,0.5154222222222222,0.4949074074074074,0.46924444444444446,0.48936170212765956,0.5206666666666667,0.5194222222222222,0.44062222222222225,0.48946666666666666,0.5033777777777778,0.4907111111111111,0.5010666666666667,0.5015111111111111,0.4649333333333333,0.5153333333333333,0.45643835616438355,0.4991555555555556,0.5112888888888889,0.4839555555555556,0.5151555555555556,0.4856,0.5096888888888889,0.5214666666666666,0.4809333333333333,0.5669710806697108,0.4746222222222222,0.4889777777777778,0.5354666666666666,0.478,0.47635555555555553,0.5023111111111112,0.4516,0.4807179487179487,0.4904,0.4116161616161616,0.49,0.47906666666666664,0.5164444444444445,0.48995555555555553,0.4916,0.47524444444444447,0.5492,0.4902450980392157,0.5119555555555556,0.5102666666666666,0.5052,0.5285158150851581,0.4872888888888889,0.5153191489361703,0.46013333333333334,0.4736888888888889,0.5218666666666667,0.5182222222222223,0.5338666666666667,0.5450666666666667,0.5080444444444444,0.4991111111111111,0.47146666666666665,0.5066222222222222,0.5449333333333334,0.4923111111111111,0.4817777777777778,0.5031111111111111,0.4928444444444444,0.48435555555555554,0.49004444444444445,0.5074666666666666,0.4887619047619048,0.5234666666666666,0.47915555555555556,0.47,0.4851111111111111,0.5365777777777778,0.4512888888888889,0.5117333333333334,0.49395555555555554,0.47626666666666667,0.45426666666666665,0.49466666666666664,0.5131111111111111,0.48862222222222224,0.5195555555555555,0.4616,0.5563013698630137,0.5144,0.4393693693693694
0.4758222222222222,0.48106666666666664,0.5166666666666667,0.48795555555555553,0.47657777777777777,0.5213333333333333,0.42195555555555553,0.48244444444444445,0.3741333333333333,0.48373333333333335,0.0,0.33466666666666667,0.3072888888888889,0.3408888888888889,0.36031111111111114,0.39666666666666667,0.4262666666666667,0.42484444444444447,0.44284444444444443,0.5020888888888889,0.40773333333333334,0.4390222222222222,0.4090666666666667,0.45795555555555556,0.43822222222222224,0.46586666666666665,0.4729333333333333,0.49048888888888886,0.41635555555555553,0.46094276094276093,0.41675555555555555,0.4424444444444444,0.4676,0.4776,0.5111111111111111,0.4528888888888889,0.4894222222222222,0.48977777777777776,0.45826666666666666,0.47831111111111113,0.4314222222222222,0.4918222222222222,0.4938666666666667,0.5049777777777777,0.458,0.48973333333333335,0.5006222222222222,0.4555111111111111,0.44555555555555554,0.49675555555555556,0.46755555555555556,0.478,0.5035111111111111,0.47013333333333335,0.5019111111111111,0.4842222222222222,0.49324444444444443,0.46355555555555555,0.4676,0.5239555555555555,0.4636,0.4391111111111111,0.4533333333333333,0.4704,0.4892888888888889,0.4704,0.48057777777777777,0.4990222222222222,0.4753777777777778,0.5044888888888889,0.47324444444444447,0.4915111111111111,0.46266666666666667,0.4696888888888889,0.4819111111111111,0.47675555555555554,0.5019555555555556,0.4889777777777778,0.5017777777777778,0.48933333333333334,0.4165333333333333,0.4263111111111111,0.4764,0.4723111111111111,0.45253333333333334,0.43475555555555556,0.46066666666666667,0.5058666666666667,0.4710666666666667,0.4696888888888889,0.4504888888888889,0.4669333333333333,0.47644444444444445,0.4729333333333333,0.4676444444444444,0.484,0.48964444444444444,0.5164888888888889,0.4675111111111111,0.5005333333333334
0.5094222222222222,0.4811111111111111,0.5208888888888888,0.4807111111111111,0.4368888888888889,0.4908,0.39982222222222225,0.502,0.4336888888888889,0.47275555555555554,0.33466666666666667,0.0,0.3604,0.3469777777777778,0.3336,0.3662666666666667,0.36702222222222225,0.4077777777777778,0.4902666666666667,0.4704,0.40715555555555555,0.40026666666666666,0.37808888888888886,0.4292888888888889,0.41057777777777776,0.45084444444444444,0.49564444444444444,0.43524444444444443,0.43555555555555553,0.45076923076923076,0.4209333333333333,0.48,0.44333333333333336,0.4852888888888889,0.47435555555555553,0.4432,0.4918666666666667,0.46057777777777775,0.47573333333333334,0.4448,0.5153777777777778,0.49737777777777775,0.4354222222222222,0.49933333333333335,0.5159555555555555,0.49306666666666665,0.5212888888888889,0.4956888888888889,0.4860888888888889,0.48355555555555557,0.46373333333333333,0.4695111111111111,0.4914222222222222,0.4852,0.4998222222222222,0.5122222222222222,0.5085333333333333,0.49062222222222224,0.46328888888888886,0.47,0.4958666666666667,0.4275111111111111,0.4068888888888889,0.47102222222222223,0.5012,0.4142222222222222,0.47484444444444446,0.4666222222222222,0.4394222222222222,0.49764444444444444,0.5357333333333333,0.47875555555555555,0.4951111111111111,0.45284444444444444,0.49937777777777775,0.47475555555555554,0.4855555555555556,0.5156888888888889,0.5002222222222222,0.48893333333333333,0.4664888888888889,0.4902666666666667,0.434,0.48964444444444444,0.4691111111111111,0.44626666666666664,0.45137777777777777,0.47355555555555556,0.4488,0.49395555555555554,0.45582222222222224,0.5035555555555555,0.47604444444444444,0.4597333333333333,0.4782666666666667,0.5087111111111111,0.5074222222222222,0.4862666666666667,0.44582222222222223,0.48702222222222225
0.4976,0.5026666666666667,0.516,0.48844444444444446,0.47533333333333333,0.48893333333333333,0.4156888888888889,0.5088,0.3725333333333333,0.4997333333333333,0.3072888888888889,0.3604,0.0,0.3456888888888889,0.3519111111111111,0.3391111111111111,0.3737333333333333,0.3863111111111111,0.4331111111111111,0.4812,0.36702222222222225,0.40715555555555555,0.36333333333333334,0.4288,0.45684444444444444,0.4972,0.45755555555555555,0.4829333333333333,0.4010666666666667,0.44802721088435377,0.40297777777777777,0.42973333333333336,0.4399111111111111,0.47417777777777775,0.4414666666666667,0.5027111111111111,0.4789333333333333,0.4746666666666667,0.4680888888888889,0.48862222222222224,0.4844888888888889,0.47875555555555555,0.4424888888888889,0.46955555555555556,0.5171555555555556,0.48244444444444445,0.4698222222222222,0.4544888888888889,0.46786666666666665,0.4640888888888889,0.3925777777777778,0.4518666666666667,0.49666666666666665,0.47533333333333333,0.49906666666666666,0.47071111111111114,0.48115555555555556,0.5152444444444444,0.47213333333333335,0.4425777777777778,0.47702222222222224,0.43862222222222225,0.4068888888888889,0.4629333333333333,0.46524444444444446,0.43048888888888887,0.4604,0.4822666666666667,0.45493333333333336,0.49493333333333334,0.49377777777777776,0.46075555555555553,0.48906666666666665,0.45813333333333334,0.47346666666666665,0.5140444444444444,0.49293333333333333,0.49764444444444444,0.4564,0.5346666666666666,0.4675111111111111,0.4804,0.4960888888888889,0.49048888888888886,0.48306666666666664,0.4503111111111111,0.4776444444444444,0.4901333333333333,0.48515555555555556,0.5038222222222222,0.47115555555555555,0.46524444444444446,0.46728888888888886,0.47835555555555553,0.47724444444444447,0.47533333333333333,0.4620444444444444,0.498,0.4494222222222222,0.5015591397849463
0.45097777777777776,0.5093333333333333,0.5145777777777778,0.46626666666666666,0.4425777777777778,0.47244444444444444,0.41555555555555557,0.45315555555555553,0.3816,0.4548,0.3408888888888889,0.3469777777777778,0.3456888888888889,0.0,0.28115555555555555,0.3406666666666667,0.36288888888888887,0.4182222222222222,0.44493333333333335,0.46844444444444444,0.3588,0.40857777777777776,0.36822222222222223,0.41457777777777777,0.43591111111111114,0.4352,0.5262666666666667,0.42044444444444445,0.39368888888888887,0.46224719101123596,0.39955555555555555,0.4524,0.4431555555555556,0.5136444444444445,0.4543111111111111,0.4613333333333333,0.43653333333333333,0.5590666666666667,0.48635555555555554,0.4630666666666667,0.5261333333333333,0.48777777777777775,0.5412444444444444,0.4798222222222222,0.4933777777777778,0.534,0.49893333333333334,0.47844444444444445,0.49364444444444444,0.4804888888888889,0.44582222222222223,0.4288888888888889,0.5040888888888889,0.49675555555555556,0.49737777777777775,0.5417777777777778,0.5290666666666667,0.5337333333333333,0.4586222222222222,0.48631111111111114,0.5378222222222222,0.4301333333333333,0.40973333333333334,0.5161333333333333,0.5097333333333334,0.44484444444444443,0.5384444444444444,0.47426666666666667,0.5241333333333333,0.5401333333333334,0.5187555555555555,0.4887111111111111,0.5178666666666667,0.46066666666666667,0.4766666666666667,0.4933777777777778,0.47075555555555554,0.49573333333333336,0.4949777777777778,0.4956888888888889,0.49648888888888887,0.5287111111111111,0.49293333333333333,0.4789333333333333,0.4864,0.5283111111111111,0.4498666666666667,0.49822222222222223,0.48373333333333335,0.48573333333333335,0.5294666666666666,0.4666222222222222,0.5135555555555555,0.4789333333333333,0.4657777777777778,0.4748,0.46484444444444445,0.4933777777777778,0.43422222222222223,0.4662222222222222
0.5205777777777778,0.5165777777777778,0.47217777777777775,0.4831111111111111,0.4534666666666667,0.4864,0.40604444444444443,0.4320888888888889,0.35773333333333335,0.49448888888888887,0.36031111111111114,0.3336,0.3519111111111111,0.28115555555555555,0.0,0.3636,0.34075555555555553,0.3955111111111111,0.4532888888888889,0.5201777777777777,0.3221777777777778,0.404,0.3529333333333333,0.38986666666666664,0.4288444444444444,0.42315555555555556,0.45182222222222224,0.40257777777777776,0.41404444444444444,0.4401388888888889,0.4191111111111111,0.4378666666666667,0.43893333333333334,0.4661777777777778,0.4275111111111111,0.4335555555555556,0.43537777777777775,0.5338222222222222,0.4204,0.4646666666666667,0.5067111111111111,0.47724444444444447,0.5192444444444444,0.4895555555555556,0.48075555555555555,0.47213333333333335,0.5085777777777778,0.49391111111111113,0.4520888888888889,0.48595555555555553,0.42195555555555553,0.4795111111111111,0.5045333333333333,0.4892,0.45955555555555555,0.5090222222222223,0.4683111111111111,0.43448888888888887,0.44924444444444445,0.47355555555555556,0.45964444444444447,0.44426666666666664,0.4063555555555556,0.4563111111111111,0.4933777777777778,0.5007555555555555,0.4431111111111111,0.45595555555555556,0.3906222222222222,0.5132426303854876,0.47857777777777777,0.48977777777777776,0.47742222222222225,0.45844444444444443,0.44351111111111113,0.4630666666666667,0.4930222222222222,0.452,0.44755555555555554,0.4861333333333333,0.41124444444444447,0.46057777777777775,0.46053333333333335,0.47324444444444447,0.44053333333333333,0.4318222222222222,0.4271111111111111,0.46382222222222225,0.4384,0.4644,0.4145333333333333,0.4784,0.5283555555555556,0.4696,0.4572,0.49062222222222224,0.4517777777777778,0.4709777777777778,0.4160888888888889,0.46453125
0.4501777777777778,0.5169777777777778,0.5376,0.4889777777777778,0.4479111111111111,0.46897777777777777,0.42293333333333333,0.4512,0.37737777777777776,0.5154222222222222,0.39666666666666667,0.3662666666666667,0.3391111111111111,0.3406666666666667,0.3636,0.0,0.2902222222222222,0.31875555555555557,0.3982222222222222,0.5182777777777777,0.34902222222222223,0.33884444444444445,0.37333333333333335,0.3616,0.4311111111111111,0.44555555555555554,0.4418222222222222,0.43475555555555556,0.39413333333333334,0.45181818181818184,0.3614222222222222,0.4156444444444444,0.4199555555555556,0.4688888888888889,0.41555555555555557,0.4276,0.4315111111111111,0.4535111111111111,0.4443111111111111,0.48995555555555553,0.4940888888888889,0.48644444444444446,0.45542222222222223,0.4816,0.4712,0.4940888888888889,0.47515555555555555,0.4572,0.4615111111111111,0.46942222222222224,0.3875111111111111,0.4582222222222222,0.48231111111111113,0.4834222222222222,0.4818222222222222,0.4536,0.4872,0.47431111111111113,0.4875111111111111,0.48693333333333333,0.47804444444444444,0.42733333333333334,0.4133777777777778,0.46724444444444446,0.45684444444444444,0.4620888888888889,0.4633333333333333,0.45897777777777776,0.45084444444444444,0.4797777777777778,0.5226666666666666,0.4484,0.4608,0.42035555555555554,0.46453333333333335,0.47657777777777777,0.45986666666666665,0.4696,0.49377777777777776,0.49364444444444444,0.47186666666666666,0.4464444444444444,0.47213333333333335,0.4684,0.47146666666666665,0.4304,0.4364,0.4891111111111111,0.46275555555555553,0.5081333333333333,0.4308444444444444,0.4709333333333333,0.4058222222222222,0.474,0.4792444444444444,0.49537777777777775,0.4744888888888889,0.4361333333333333,0.4368,0.5308444444444445
0.4802222222222222,0.5343111111111111,0.46973333333333334,0.48515555555555556,0.4622222222222222,0.4935111111111111,0.39626666666666666,0.47275555555555554,0.3737333333333333,0.4949074074074074,0.4262666666666667,0.36702222222222225,0.3737333333333333,0.36288888888888887,0.34075555555555553,0.2902222222222222,0.0,0.29315555555555556,0.35275555555555554,0.4900888888888889,0.30933333333333335,0.3449333333333333,0.30662222222222224,0.36217777777777777,0.3982222222222222,0.4070666666666667,0.4084,0.40271111111111113,0.38297777777777775,0.44687943262411345,0.3675555555555556,0.4196,0.39826666666666666,0.43164444444444444,0.40346666666666664,0.40297777777777777,0.42946666666666666,0.42595555555555553,0.40973333333333334,0.4579111111111111,0.47817777777777776,0.4891111111111111,0.43115555555555557,0.4866666666666667,0.4765333333333333,0.4686666666666667,0.492,0.46853333333333336,0.4537777777777778,0.4804888888888889,0.3791111111111111,0.42004444444444444,0.48693333333333333,0.47533333333333333,0.47426666666666667,0.4956,0.4652,0.45337777777777777,0.44435555555555556,0.4664,0.44866666666666666,0.4349777777777778,0.3867111111111111,0.4697777777777778,0.4630222222222222,0.45053333333333334,0.4414222222222222,0.4178222222222222,0.4196888888888889,0.5540444444444445,0.4944,0.4574666666666667,0.46355555555555555,0.44595555555555555,0.49635555555555555,0.45826666666666666,0.45097777777777776,0.4789777777777778,0.4650222222222222,0.49146666666666666,0.46555555555555556,0.4814222222222222,0.4681777777777778,0.45422222222222225,0.4831111111111111,0.4620888888888889,0.43933333333333335,0.4539111111111111,0.4800888888888889,0.47044444444444444,0.4587555555555556,0.5063555555555556,0.4345777777777778,0.4659111111111111,0.4367111111111111,0.44608888888888887,0.46168888888888887,0.45355555555555555,0.4016888888888889,0.5372661870503597
0.4779555555555556,0.48484444444444447,0.48013333333333336,0.4964,0.4450222222222222,0.4610666666666667,0.4174222222222222,0.49066666666666664,0.4265333333333333,0.46924444444444446,0.42484444444444447,0.4077777777777778,0.3863111111111111,0.4182222222222222,0.3955111111111111,0.31875555555555557,0.29315555555555556,0.0,0.3177333333333333,0.4434666666666667,0.3214222222222222,0.31964444444444445,0.32768888888888886,0.3475111111111111,0.36635555555555555,0.3913333333333333,0.4186666666666667,0.41146666666666665,0.4063111111111111,0.44585858585858584,0.32684444444444444,0.3839111111111111,0.37937777777777776,0.4127111111111111,0.4030222222222222,0.3926222222222222,0.41715555555555556,0.40115555555555554,0.39124444444444445,0.45586666666666664,0.43146666666666667,0.4232444444444444,0.4139555555555556,0.4176888888888889,0.3962222222222222,0.4234222222222222,0.43395555555555554,0.43195555555555554,0.42306666666666665,0.5114666666666666,0.36475555555555556,0.4283111111111111,0.44137777777777776,0.42035555555555554,0.44293333333333335,0.4096,0.43391111111111114,0.47813333333333335,0.4399111111111111,0.4599111111111111,0.42217777777777776,0.4023111111111111,0.3803111111111111,0.39711111111111114,0.4574666666666667,0.41355555555555557,0.4026666666666667,0.41142222222222224,0.4011111111111111,0.4942666666666667,0.4596,0.4109777777777778,0.40644444444444444,0.38693333333333335,0.41684444444444446,0.4520888888888889,0.41644444444444445,0.43662222222222224,0.45844444444444443,0.46253333333333335,0.4544,0.4456,0.38408888888888887,0.4193777777777778,0.4537777777777778,0.42,0.40502222222222223,0.4232,0.4493333333333333,0.4603555555555556,0.42186666666666667,0.40084444444444445,0.4136888888888889,0.43173333333333336,0.4370222222222222,0.43737777777777775,0.4280888888888889,0.4068888888888889,0.39453333333333335,0.5168316831683168
0.5421333333333334,0.4759555555555556,0.5312444444444444,0.43924444444444444,0.4888,0.4782666666666667,0.40875555555555554,0.4891111111111111,0.43777777777777777,0.4936619718309859,0.44284444444444443,0.4902666666666667,0.4331111111111111,0.44493333333333335,0.4532888888888889,0.3982222222222222,0.35275555555555554,0.3177333333333333,0.0,0.246,0.36564444444444444,0.39293333333333336,0.3866222222222222,0.3928,0.3831111111111111,0.37195555555555554,0.4043111111111111,0.42995555555555554,0.43866666666666665,0.4421245421245421,0.3947555555555556,0.4020888888888889,0.3830222222222222,0.39515555555555554,0.4083555555555556,0.3720888888888889,0.3522222222222222,0.3771555555555556,0.3691111111111111,0.4494222222222222,0.4282222222222222,0.4517777777777778,0.4312,0.42275555555555555,0.4048,0.4202666666666667,0.4046222222222222,0.40542222222222224,0.4444888888888889,0.5100888888888889,0.37155555555555553,0.42195555555555553,0.43293333333333334,0.43462222222222224,0.4282666666666667,0.44293333333333335,0.38453333333333334,0.4159555555555556,0.3716,0.4300888888888889,0.46884444444444445,0.4242666666666667,0.3661333333333333,0.43422222222222223,0.41435555555555553,0.39582222222222224,0.40142222222222224,0.40697777777777777,0.3801333333333333,0.5083555555555556,0.4463111111111111,0.44751111111111114,0.3899111111111111,0.4093777777777778,0.4097777777777778,0.3758222222222222,0.4096888888888889,0.4288444444444444,0.4176,0.4573333333333333,0.46613333333333334,0.48333333333333334,0.41235555555555553,0.4448,0.45155555555555554,0.39693333333333336,0.41128888888888887,0.4266666666666667,0.45568888888888887,0.40065359477124185,0.42,0.4253777777777778,0.4518666666666667,0.42288888888888887,0.38986666666666664,0.4136888888888889,0.4368444444444444,0.4089777777777778,0.4102222222222222,0.5141904761904762
0.48706666666666665,0.5316888888888889,0.4896,0.47355555555555556,0.4744,0.5216888888888889,0.5059111111111111,0.46728888888888886,0.5097777777777778,0.5206666666666667,0.5020888888888889,0.4704,0.4812,0.46844444444444444,0.5201777777777777,0.5182777777777777,0.4900888888888889,0.4434666666666667,0.246,0.0,0.4188,0.45253333333333334,0.4258222222222222,0.46497777777777777,0.5141333333333333,0.4476,0.4889256198347107,0.5258222222222222,0.49526315789473685,0.48564444444444443,0.4775111111111111,0.51728,0.4775757575757576,0.47402298850574714,0.48973333333333335,0.4933918128654971,0.4452888888888889,0.4723111111111111,0.472046783625731,0.4748888888888889,0.4918248175182482,0.45795555555555556,0.4532,0.46897777777777777,0.4716,0.4944,0.49760233918128655,0.5112605042016807,0.4636973764490543,0.4839555555555556,0.4686153846153846,0.4625185185185185,0.4894179894179894,0.5201333333333333,0.49862222222222224,0.45484444444444444,0.497536231884058,0.4766222222222222,0.4588888888888889,0.47724444444444447,0.4667625899280576,0.459290780141844,0.5242553191489362,0.5167777777777778,0.4170319634703196,0.49347931873479317,0.4607111111111111,0.4449855072463768,0.4624731182795699,0.5013333333333333,0.4387111111111111,0.45668903803131994,0.4517777777777778,0.44937777777777776,0.416198347107438,0.48364444444444443,0.47715555555555556,0.47324444444444447,0.4548948948948949,0.4659111111111111,0.48213333333333336,0.5069483568075117,0.4789189189189189,0.48595744680851066,0.47004444444444443,0.48017777777777776,0.45724444444444445,0.44701754385964915,0.4846060606060606,0.4692,0.49791962174940896,0.48488888888888887,0.4826190476190476,0.4972636815920398,0.46647342995169083,0.48945945945945946,0.4766376811594203,0.4567555555555556,0.49737777777777775,0.48945945945945946
0.5381777777777778,0.4655111111111111,0.49604444444444445,0.4812888888888889,0.4708,0.4769777777777778,0.40902222222222223,0.496,0.4399111111111111,0.5194222222222222,0.40773333333333334,0.40715555555555555,0.36702222222222225,0.3588,0.3221777777777778,0.34902222222222223,0.30933333333333335,0.3214222222222222,0.36564444444444444,0.4188,0.0,0.28617777777777775,0.26586666666666664,0.3243111111111111,0.37475555555555556,0.4200888888888889,0.4211111111111111,0.4212,0.37524444444444444,0.36067415730337077,0.3429333333333333,0.3876888888888889,0.40297777777777777,0.4303111111111111,0.4056888888888889,0.41786666666666666,0.4062222222222222,0.446,0.408,0.4752,0.4476,0.4394222222222222,0.4345333333333333,0.43751111111111113,0.4093333333333333,0.4307111111111111,0.4285777777777778,0.44137777777777776,0.46928888888888887,0.4541777777777778,0.3661333333333333,0.41013333333333335,0.44493333333333335,0.4452888888888889,0.47702222222222224,0.4378222222222222,0.4255555555555556,0.44164444444444445,0.42217777777777776,0.5053777777777778,0.4266666666666667,0.394,0.37937777777777776,0.4046666666666667,0.40902222222222223,0.41057777777777776,0.4324,0.4003111111111111,0.41844444444444445,0.49853333333333333,0.4179111111111111,0.44835555555555556,0.4089777777777778,0.4111111111111111,0.4324,0.4209333333333333,0.49333333333333335,0.47604444444444444,0.4136,0.49933333333333335,0.394,0.4235555555555556,0.4396888888888889,0.4288,0.44551111111111114,0.4110666666666667,0.4431555555555556,0.44484444444444443,0.5001333333333333,0.5096,0.38453333333333334,0.39613333333333334,0.4144888888888889,0.42791111111111113,0.4291111111111111,0.42235555555555554,0.4376888888888889,0.4417333333333333,0.3850222222222222,0.5398997493734335
0.4661777777777778,0.5484888888888889,0.44795555555555555,0.5034666666666666,0.4429777777777778,0.5242222222222223,0.4496888888888889,0.48617777777777776,0.44133333333333336,0.5157777777777778,0.4390222222222222,0.40026666666666666,0.40715555555555555,0.40857777777777776,0.404,0.33884444444444445,0.3449333333333333,0.31964444444444445,0.39293333333333336,0.45253333333333334,0.28617777777777775,0.0,0.29973333333333335,0.3584888888888889,0.4077777777777778,0.4082222222222222,0.4200888888888889,0.4437333333333333,0.3993777777777778,0.3895918367346939,0.3168,0.43537777777777775,0.4199555555555556,0.4258222222222222,0.45635555555555557,0.40728888888888887,0.4008888888888889,0.45386666666666664,0.43933333333333335,0.5245777777777778,0.44422222222222224,0.43524444444444443,0.4458666666666667,0.4330222222222222,0.4278222222222222,0.4540444444444444,0.4819111111111111,0.46013333333333334,0.4497777777777778,0.49324444444444443,0.3913333333333333,0.4058222222222222,0.4575111111111111,0.4334222222222222,0.4592,0.41346666666666665,0.4525777777777778,0.45004444444444447,0.45942222222222223,0.4739555555555556,0.44337777777777776,0.38493333333333335,0.37448888888888887,0.39324444444444445,0.4316888888888889,0.4363111111111111,0.41488888888888886,0.42693333333333333,0.4463111111111111,0.4872444444444444,0.4378666666666667,0.46684444444444445,0.43444444444444447,0.42648888888888886,0.45235555555555557,0.4563111111111111,0.4809333333333333,0.47604444444444444,0.4692,0.47528888888888887,0.4572888888888889,0.48173333333333335,0.41244444444444445,0.4782222222222222,0.47631111111111113,0.4130666666666667,0.41346666666666665,0.4428888888888889,0.48262222222222223,0.4845333333333333,0.4331111111111111,0.4321333333333333,0.4550222222222222,0.4116888888888889,0.4391555555555556,0.45386666666666664,0.4655111111111111,0.4572,0.4069333333333333,0.46406015037593984
